# Force       
# CofR        : (0.000000e+00 0.000000e+00 0.000000e+00)
#
# Time        	total_x total_y total_z	pressure_x pressure_y pressure_z	viscous_x viscous_y viscous_z
1              2.508584e+03 -1.594632e-02 -8.644643e+00 2.507276e+03 -1.594919e-02 -8.641180e+00 1.307808e+00 2.867398e-06 -3.462978e-03
2              9.129444e+02 -1.940778e-01 -1.515085e+01 9.219079e+02 -2.064823e-01 -1.515084e+01 -8.963554e+00 1.240447e-02 -1.033707e-05
3              -3.626648e+04 -1.776495e+02 -6.080827e+01 -3.625919e+04 -1.792238e+02 -6.085337e+01 -7.290199e+00 1.574245e+00 4.510314e-02
4              5.086749e+04 -1.918893e+03 5.272195e+01 5.087055e+04 -1.921436e+03 5.280753e+01 -3.056212e+00 2.542815e+00 -8.558307e-02
5              4.499388e+04 -3.492905e+03 5.680900e+02 4.498950e+04 -3.496744e+03 5.681714e+02 4.383078e+00 3.839270e+00 -8.143396e-02
6              3.348580e+04 -3.745976e+03 5.507884e+02 3.347816e+04 -3.750734e+03 5.510358e+02 7.635554e+00 4.758124e+00 -2.473516e-01
7              1.090031e+04 -3.030270e+03 4.715534e+02 1.089455e+04 -3.036248e+03 4.713507e+02 5.767499e+00 5.977897e+00 2.026642e-01
8              -9.121279e+03 1.220029e+04 8.896562e+02 -9.114727e+03 1.218867e+04 8.932670e+02 -6.552002e+00 1.162434e+01 -3.610850e+00
9              -3.042495e+04 1.620713e+06 8.542111e+02 -3.039770e+04 1.620691e+06 8.679117e+02 -2.724780e+01 2.197995e+01 -1.370063e+01
10             -1.206028e+05 1.816633e+06 4.251383e+02 -1.205646e+05 1.816617e+06 4.433011e+02 -3.816655e+01 1.503455e+01 -1.816272e+01
11             -3.059091e+05 5.869307e+05 -1.530397e+02 -3.058804e+05 5.869322e+05 -1.367592e+02 -2.868555e+01 -1.445073e+00 -1.628043e+01
12             -5.119868e+05 -6.339580e+05 -9.738834e+02 -5.119683e+05 -6.339424e+05 -9.591461e+02 -1.854145e+01 -1.558128e+01 -1.473738e+01
13             -5.543575e+05 -9.047021e+05 -1.807887e+03 -5.543446e+05 -9.046762e+05 -1.794762e+03 -1.286592e+01 -2.585000e+01 -1.312497e+01
14             -4.373940e+05 -5.858698e+05 -2.300677e+03 -4.373808e+05 -5.858438e+05 -2.284533e+03 -1.320496e+01 -2.591441e+01 -1.614411e+01
15             -2.830329e+05 -3.764012e+05 -2.258998e+03 -2.830177e+05 -3.763908e+05 -2.238801e+03 -1.523114e+01 -1.039468e+01 -2.019606e+01
16             -1.632867e+05 -2.467015e+05 -1.935057e+03 -1.632706e+05 -2.467085e+05 -1.912934e+03 -1.608847e+01 7.017519e+00 -2.212239e+01
17             -1.012806e+05 -1.219960e+05 -1.660906e+03 -1.012606e+05 -1.220103e+05 -1.641968e+03 -2.007134e+01 1.424874e+01 -1.893744e+01
18             -6.555256e+04 -2.808854e+03 -1.609283e+03 -6.552865e+04 -2.824771e+03 -1.587910e+03 -2.391909e+01 1.591668e+01 -2.137224e+01
19             -3.576738e+04 3.261697e+04 -1.258213e+03 -3.574328e+04 3.259562e+04 -1.234451e+03 -2.410648e+01 2.134261e+01 -2.376209e+01
20             -1.802437e+04 1.074738e+04 -4.586312e+02 -1.800327e+04 1.072340e+04 -4.326692e+02 -2.109748e+01 2.398616e+01 -2.596200e+01
21             -7.790702e+03 -1.552108e+04 4.317939e+02 -7.776191e+03 -1.554781e+04 4.600260e+02 -1.451058e+01 2.672487e+01 -2.823209e+01
22             -7.634943e+03 -1.288245e+04 1.040572e+03 -7.624602e+03 -1.291474e+04 1.067656e+03 -1.034079e+01 3.228683e+01 -2.708381e+01
23             -1.145099e+04 6.158447e+03 9.159369e+02 -1.144049e+04 6.118498e+03 9.409823e+02 -1.050600e+01 3.994876e+01 -2.504540e+01
24             -1.197562e+04 1.686063e+04 1.091918e+02 -1.196047e+04 1.682363e+04 1.320867e+02 -1.514776e+01 3.700724e+01 -2.289489e+01
25             -7.387748e+03 1.238316e+04 -5.370042e+02 -7.362682e+03 1.235411e+04 -5.141101e+02 -2.506650e+01 2.904826e+01 -2.289411e+01
26             -1.800032e+03 3.481826e+03 -6.987674e+02 -1.765362e+03 3.453448e+03 -6.807991e+02 -3.467011e+01 2.837714e+01 -1.796827e+01
27             -6.040006e+02 -1.759769e+03 -3.803339e+02 -5.802324e+02 -1.794078e+03 -3.665798e+02 -2.376824e+01 3.430885e+01 -1.375408e+01
28             -3.255657e+03 -2.145798e+03 7.692495e+02 -3.243277e+03 -2.178667e+03 7.757451e+02 -1.238033e+01 3.286899e+01 -6.495598e+00
29             -5.457199e+03 5.904453e+02 2.530066e+03 -5.452802e+03 5.631191e+02 2.529863e+03 -4.397098e+00 2.732623e+01 2.027930e-01
30             -6.433139e+03 3.355467e+03 3.594954e+03 -6.424187e+03 3.335700e+03 3.588030e+03 -8.952278e+00 1.976797e+01 6.924205e+00
31             -6.143648e+03 3.968014e+03 3.505548e+03 -6.123943e+03 3.958485e+03 3.492932e+03 -1.970472e+01 9.528643e+00 1.261522e+01
32             -5.528928e+03 2.511851e+03 1.633187e+03 -5.507243e+03 2.505985e+03 1.617773e+03 -2.168480e+01 5.865590e+00 1.541431e+01
33             -4.868029e+03 5.255455e+02 -1.809142e+03 -4.851997e+03 5.146488e+02 -1.823220e+03 -1.603201e+01 1.089673e+01 1.407773e+01
34             -3.518280e+03 5.346801e+02 -3.781413e+03 -3.507948e+03 5.196375e+02 -3.792510e+03 -1.033273e+01 1.504263e+01 1.109629e+01
35             -1.926206e+03 1.556393e+03 -3.786287e+03 -1.919230e+03 1.544960e+03 -3.795027e+03 -6.976501e+00 1.143300e+01 8.739930e+00
36             -3.595207e+02 2.254713e+03 -2.527437e+03 -3.540858e+02 2.245368e+03 -2.534230e+03 -5.434974e+00 9.345018e+00 6.793637e+00
37             4.030107e+02 2.095856e+03 -5.448354e+02 4.093054e+02 2.087106e+03 -5.512814e+02 -6.294714e+00 8.750116e+00 6.446066e+00
38             -2.442205e+02 1.226779e+03 1.005687e+03 -2.356432e+02 1.217330e+03 9.992616e+02 -8.577283e+00 9.449141e+00 6.425480e+00
39             -1.436541e+03 4.872914e+02 1.153186e+03 -1.425768e+03 4.765041e+02 1.147008e+03 -1.077264e+01 1.078726e+01 6.177791e+00
40             -2.265851e+03 1.899933e+02 5.120679e+02 -2.253971e+03 1.783773e+02 5.068646e+02 -1.187992e+01 1.161605e+01 5.203324e+00
41             -2.688206e+03 1.345623e+02 -2.954648e+02 -2.676402e+03 1.225897e+02 -2.995943e+02 -1.180421e+01 1.197258e+01 4.129499e+00
42             -2.823287e+03 1.082100e+02 -7.782349e+02 -2.811859e+03 9.606948e+01 -7.815692e+02 -1.142768e+01 1.214048e+01 3.334270e+00
43             -2.663184e+03 1.269705e+02 -4.962021e+02 -2.651779e+03 1.148564e+02 -4.990455e+02 -1.140494e+01 1.211413e+01 2.843395e+00
44             -2.427999e+03 1.580291e+02 1.762996e+02 -2.416410e+03 1.461502e+02 1.737344e+02 -1.158885e+01 1.187891e+01 2.565243e+00
45             -2.207860e+03 1.859874e+02 7.543689e+02 -2.196054e+03 1.745049e+02 7.521915e+02 -1.180628e+01 1.148247e+01 2.177352e+00
46             -1.927021e+03 2.288648e+02 1.078438e+03 -1.915205e+03 2.177687e+02 1.076795e+03 -1.181552e+01 1.109616e+01 1.642483e+00
47             -1.615313e+03 2.449393e+02 1.093401e+03 -1.603722e+03 2.341742e+02 1.092304e+03 -1.159099e+01 1.076518e+01 1.097183e+00
48             -1.364201e+03 2.019719e+02 8.870565e+02 -1.352901e+03 1.916933e+02 8.863025e+02 -1.130014e+01 1.027857e+01 7.539587e-01
49             -1.176013e+03 1.102465e+02 6.175974e+02 -1.164928e+03 1.006748e+02 6.170129e+02 -1.108566e+01 9.571727e+00 5.845373e-01
50             -9.492647e+02 -2.181018e+00 3.871993e+02 -9.384239e+02 -1.082949e+01 3.868011e+02 -1.084086e+01 8.648472e+00 3.981457e-01
51             -7.093720e+02 -5.999928e+01 3.382827e+02 -6.988787e+02 -6.765026e+01 3.382452e+02 -1.049324e+01 7.650984e+00 3.743220e-02
52             -5.331240e+02 -6.976020e+01 4.132420e+02 -5.230499e+02 -7.650666e+01 4.137243e+02 -1.007412e+01 6.746462e+00 -4.823378e-01
53             -4.121968e+02 -7.861848e+01 4.711018e+02 -4.024763e+02 -8.458562e+01 4.720922e+02 -9.720556e+00 5.967138e+00 -9.904206e-01
54             -3.174530e+02 -1.024925e+02 4.662877e+02 -3.079525e+02 -1.077494e+02 4.676231e+02 -9.500500e+00 5.256891e+00 -1.335383e+00
55             -2.522055e+02 -1.369686e+02 3.916769e+02 -2.428284e+02 -1.415291e+02 3.931700e+02 -9.377079e+00 4.560421e+00 -1.493018e+00
56             -2.138892e+02 -1.733241e+02 2.518017e+02 -2.045890e+02 -1.771970e+02 2.533612e+02 -9.300215e+00 3.872899e+00 -1.559440e+00
57             -1.947757e+02 -1.904293e+02 6.583771e+01 -1.855373e+02 -1.936450e+02 6.749771e+01 -9.238373e+00 3.215708e+00 -1.660003e+00
58             -1.882142e+02 -1.630794e+02 -3.454313e+01 -1.790253e+02 -1.657076e+02 -3.271663e+01 -9.188892e+00 2.628250e+00 -1.826507e+00
59             -1.818006e+02 -1.266354e+02 -3.496645e+01 -1.726337e+02 -1.287777e+02 -3.295237e+01 -9.166917e+00 2.142357e+00 -2.014077e+00
60             -1.735741e+02 -9.303192e+01 -1.016740e+01 -1.643894e+02 -9.479118e+01 -7.995715e+00 -9.184732e+00 1.759260e+00 -2.171685e+00
61             -1.695443e+02 -5.549565e+01 1.502464e+01 -1.603031e+02 -5.695794e+01 1.730593e+01 -9.241187e+00 1.462281e+00 -2.281290e+00
62             -1.755113e+02 -1.030449e+01 2.954766e+01 -1.661857e+02 -1.154662e+01 3.190658e+01 -9.325528e+00 1.242137e+00 -2.358921e+00
63             -1.894251e+02 4.674601e+01 2.928317e+01 -1.799983e+02 4.565224e+01 3.172150e+01 -9.426778e+00 1.093769e+00 -2.438333e+00
64             -1.999667e+02 1.081393e+02 1.904163e+01 -1.904327e+02 1.071321e+02 2.158240e+01 -9.533940e+00 1.007197e+00 -2.540770e+00
65             -1.953762e+02 1.297932e+02 2.476420e+01 -1.857515e+02 1.288340e+02 2.741883e+01 -9.624715e+00 9.592538e-01 -2.654631e+00
66             -1.850623e+02 1.160028e+02 4.418255e+01 -1.753769e+02 1.150820e+02 4.693144e+01 -9.685374e+00 9.207697e-01 -2.748885e+00
67             -1.707789e+02 8.740267e+01 6.910887e+01 -1.610625e+02 8.652290e+01 7.191383e+01 -9.716454e+00 8.797730e-01 -2.804962e+00
68             -1.537075e+02 4.524783e+01 9.533373e+01 -1.439847e+02 4.441131e+01 9.815763e+01 -9.722864e+00 8.365271e-01 -2.823894e+00
69             -1.373810e+02 -6.241320e+00 1.085499e+02 -1.276671e+02 -7.035326e+00 1.113681e+02 -9.713885e+00 7.940064e-01 -2.818227e+00
70             -1.220338e+02 -6.366655e+01 9.458297e+01 -1.123405e+02 -6.441674e+01 9.738436e+01 -9.693300e+00 7.501945e-01 -2.801387e+00
71             -1.008239e+02 -1.312880e+02 4.568971e+01 -9.116526e+01 -1.319849e+02 4.847172e+01 -9.658674e+00 6.969208e-01 -2.782008e+00
72             -6.631077e+01 -2.030151e+02 -2.745700e+01 -5.671238e+01 -2.036398e+02 -2.469560e+01 -9.598393e+00 6.246271e-01 -2.761399e+00
73             -2.927086e+01 -2.514175e+02 -7.937278e+01 -1.977240e+01 -2.519529e+02 -7.664118e+01 -9.498465e+00 5.354584e-01 -2.731593e+00
74             2.892013e+00 -2.791547e+02 -9.954851e+01 1.224744e+01 -2.795965e+02 -9.686539e+01 -9.355427e+00 4.418192e-01 -2.683118e+00
75             3.990144e+01 -3.008571e+02 -1.092531e+02 4.907014e+01 -3.012096e+02 -1.066360e+02 -9.168707e+00 3.525400e-01 -2.617094e+00
76             8.540106e+01 -3.134524e+02 -1.197429e+02 9.433576e+01 -3.137238e+02 -1.172010e+02 -8.934703e+00 2.714090e-01 -2.541962e+00
77             1.334802e+02 -3.059478e+02 -1.318942e+02 1.421361e+02 -3.061505e+02 -1.294308e+02 -8.655815e+00 2.026905e-01 -2.463396e+00
78             1.767109e+02 -2.714532e+02 -1.405031e+02 1.850498e+02 -2.716053e+02 -1.381218e+02 -8.338971e+00 1.521084e-01 -2.381321e+00
79             2.082137e+02 -2.153421e+02 -1.381495e+02 2.162061e+02 -2.154659e+02 -1.358576e+02 -7.992449e+00 1.237731e-01 -2.291972e+00
80             2.241750e+02 -1.640388e+02 -1.224202e+02 2.318000e+02 -1.641540e+02 -1.202274e+02 -7.625070e+00 1.151593e-01 -2.192769e+00
81             2.330715e+02 -1.358498e+02 -1.016271e+02 2.403139e+02 -1.359661e+02 -9.954083e+01 -7.242391e+00 1.163039e-01 -2.086298e+00
82             2.441962e+02 -1.215808e+02 -8.438247e+01 2.510423e+02 -1.216991e+02 -8.240392e+01 -6.846079e+00 1.183127e-01 -1.978554e+00
83             2.590419e+02 -1.081237e+02 -7.231665e+01 2.654796e+02 -1.082425e+02 -7.044234e+01 -6.437733e+00 1.187870e-01 -1.874303e+00
84             2.728491e+02 -9.104642e+01 -6.477513e+01 2.788698e+02 -9.116480e+01 -6.299974e+01 -6.020773e+00 1.183793e-01 -1.775385e+00
85             2.799643e+02 -7.380429e+01 -6.037872e+01 2.855638e+02 -7.392134e+01 -5.869632e+01 -5.599575e+00 1.170416e-01 -1.682398e+00
86             2.797518e+02 -6.204810e+01 -5.750837e+01 2.849292e+02 -6.216160e+01 -5.591198e+01 -5.177415e+00 1.134944e-01 -1.596394e+00
87             2.771559e+02 -5.721940e+01 -5.514027e+01 2.819116e+02 -5.732584e+01 -5.362155e+01 -4.755665e+00 1.064454e-01 -1.518723e+00
88             2.771405e+02 -5.500726e+01 -5.293379e+01 2.814752e+02 -5.510326e+01 -5.148351e+01 -4.334758e+00 9.600005e-02 -1.450284e+00
89             2.797260e+02 -5.080862e+01 -5.104454e+01 2.836419e+02 -5.089246e+01 -4.965348e+01 -3.915893e+00 8.384052e-02 -1.391061e+00
90             2.819093e+02 -4.376397e+01 -4.946062e+01 2.854109e+02 -4.383605e+01 -4.812018e+01 -3.501507e+00 7.207849e-02 -1.340440e+00
91             2.814873e+02 -3.598707e+01 -4.798353e+01 2.845817e+02 -3.604900e+01 -4.668603e+01 -3.094400e+00 6.193258e-02 -1.297502e+00
92             2.788912e+02 -2.992490e+01 -4.628754e+01 2.815881e+02 -2.997879e+01 -4.502612e+01 -2.696844e+00 5.389311e-02 -1.261427e+00
93             2.761061e+02 -2.620532e+01 -4.430389e+01 2.784165e+02 -2.625337e+01 -4.307251e+01 -2.310361e+00 4.805382e-02 -1.231372e+00
94             2.744294e+02 -2.372773e+01 -4.227472e+01 2.763656e+02 -2.377221e+01 -4.106833e+01 -1.936243e+00 4.447414e-02 -1.206390e+00
95             2.735433e+02 -2.115970e+01 -4.050572e+01 2.751189e+02 -2.120308e+01 -3.932003e+01 -1.575642e+00 4.337586e-02 -1.185697e+00
96             2.723179e+02 -1.804975e+01 -3.910288e+01 2.735476e+02 -1.809458e+01 -3.793404e+01 -1.229724e+00 4.483202e-02 -1.168833e+00
97             2.700147e+02 -1.480656e+01 -3.791531e+01 2.709141e+02 -1.485541e+01 -3.675972e+01 -8.994667e-01 4.884877e-02 -1.155588e+00
98             2.668858e+02 -1.198898e+01 -3.674140e+01 2.674711e+02 -1.204421e+01 -3.559556e+01 -5.852990e-01 5.523692e-02 -1.145841e+00
99             2.636818e+02 -9.746935e+00 -3.550763e+01 2.639692e+02 -9.810593e+00 -3.436861e+01 -2.873947e-01 6.365761e-02 -1.139017e+00
100            2.609351e+02 -7.878879e+00 -3.429200e+01 2.609406e+02 -7.952593e+00 -3.315747e+01 -5.526838e-03 7.371405e-02 -1.134532e+00
101            2.586343e+02 -6.088085e+00 -3.320381e+01 2.583736e+02 -6.173223e+00 -3.207193e+01 2.607207e-01 8.513756e-02 -1.131879e+00
102            2.563965e+02 -4.227969e+00 -3.226460e+01 2.558847e+02 -4.325747e+00 -3.113400e+01 5.118421e-01 9.777813e-02 -1.130600e+00
103            2.539028e+02 -2.346744e+00 -3.140990e+01 2.531546e+02 -2.458267e+00 -3.027960e+01 7.482083e-01 1.115231e-01 -1.130303e+00
104            2.511485e+02 -6.073995e-01 -3.053871e+01 2.501783e+02 -7.334684e-01 -2.940805e+01 9.701193e-01 1.260688e-01 -1.130662e+00
105            2.483559e+02 8.932201e-01 -2.959744e+01 2.471779e+02 7.522317e-01 -2.846612e+01 1.177962e+00 1.409884e-01 -1.131321e+00
106            2.457117e+02 2.171894e+00 -2.860205e+01 2.443394e+02 2.016127e+00 -2.747009e+01 1.372367e+00 1.557669e-01 -1.131964e+00
107            2.432288e+02 3.304356e+00 -2.763260e+01 2.416749e+02 3.134359e+00 -2.650038e+01 1.553870e+00 1.699971e-01 -1.132223e+00
108            2.407626e+02 4.345441e+00 -2.677411e+01 2.390393e+02 4.162039e+00 -2.564233e+01 1.723230e+00 1.834019e-01 -1.131785e+00
109            2.381977e+02 5.317187e+00 -2.606937e+01 2.363167e+02 5.121404e+00 -2.493891e+01 1.880962e+00 1.957832e-01 -1.130456e+00
110            2.355264e+02 6.211312e+00 -2.551551e+01 2.334989e+02 6.004272e+00 -2.438735e+01 2.027532e+00 2.070398e-01 -1.128161e+00
111            2.328411e+02 6.983358e+00 -2.510149e+01 2.306776e+02 6.766269e+00 -2.397659e+01 2.163589e+00 2.170887e-01 -1.124890e+00
112            2.301893e+02 7.619148e+00 -2.481420e+01 2.278996e+02 7.393260e+00 -2.369360e+01 2.289670e+00 2.258880e-01 -1.120598e+00
113            2.275377e+02 8.144723e+00 -2.462593e+01 2.251315e+02 7.911340e+00 -2.351086e+01 2.406263e+00 2.333830e-01 -1.115070e+00
114            2.248581e+02 8.558760e+00 -2.452447e+01 2.223442e+02 8.319239e+00 -2.341617e+01 2.513903e+00 2.395211e-01 -1.108297e+00
115            2.221666e+02 8.828133e+00 -2.451342e+01 2.195535e+02 8.583870e+00 -2.341324e+01 2.613081e+00 2.442630e-01 -1.100178e+00
116            2.194499e+02 8.927692e+00 -2.460473e+01 2.167456e+02 8.680080e+00 -2.351399e+01 2.704304e+00 2.476116e-01 -1.090746e+00
117            2.167096e+02 8.852453e+00 -2.480641e+01 2.139216e+02 8.602885e+00 -2.372642e+01 2.787975e+00 2.495685e-01 -1.079983e+00
118            2.139754e+02 8.617614e+00 -2.511207e+01 2.111110e+02 8.367451e+00 -2.404420e+01 2.864481e+00 2.501634e-01 -1.067875e+00
119            2.112347e+02 8.241069e+00 -2.549845e+01 2.083004e+02 7.991644e+00 -2.444407e+01 2.934227e+00 2.494257e-01 -1.054375e+00
120            2.083327e+02 7.735617e+00 -2.589924e+01 2.053352e+02 7.488212e+00 -2.485969e+01 2.997484e+00 2.474054e-01 -1.039545e+00
121            2.051612e+02 7.078657e+00 -2.623188e+01 2.021068e+02 6.834522e+00 -2.520843e+01 3.054469e+00 2.441343e-01 -1.023447e+00
122            2.020900e+02 6.222033e+00 -2.651719e+01 1.989844e+02 5.982359e+00 -2.551094e+01 3.105543e+00 2.396736e-01 -1.006246e+00
123            2.003314e+02 5.479289e+00 -2.726227e+01 1.971796e+02 5.245058e+00 -2.627396e+01 3.151797e+00 2.342317e-01 -9.883041e-01
124            1.979908e+02 4.533295e+00 -2.833813e+01 1.947973e+02 4.305392e+00 -2.736817e+01 3.193474e+00 2.279023e-01 -9.699610e-01
125            1.943356e+02 3.286367e+00 -2.968585e+01 1.911061e+02 3.065759e+00 -2.873468e+01 3.229518e+00 2.206076e-01 -9.511739e-01
126            1.905232e+02 2.074432e+00 -3.066950e+01 1.872635e+02 1.862051e+00 -2.973776e+01 3.259727e+00 2.123816e-01 -9.317349e-01
127            1.876526e+02 1.032471e+00 -3.117607e+01 1.843678e+02 8.289766e-01 -3.026449e+01 3.284761e+00 2.034944e-01 -9.115741e-01
128            1.853479e+02 3.762582e-02 -3.170452e+01 1.820422e+02 -1.567353e-01 -3.081361e+01 3.305691e+00 1.943611e-01 -8.909091e-01
129            1.827962e+02 -1.143957e+00 -3.259688e+01 1.794735e+02 -1.329221e+00 -3.172684e+01 3.322719e+00 1.852645e-01 -8.700447e-01
130            1.798413e+02 -2.531578e+00 -3.384874e+01 1.765055e+02 -2.707828e+00 -3.299958e+01 3.335781e+00 1.762496e-01 -8.491579e-01
131            1.763142e+02 -4.101234e+00 -3.528906e+01 1.729696e+02 -4.268455e+00 -3.446051e+01 3.344623e+00 1.672208e-01 -8.285524e-01
132            1.726575e+02 -5.568482e+00 -3.647400e+01 1.693085e+02 -5.726458e+00 -3.566553e+01 3.349029e+00 1.579766e-01 -8.084692e-01
133            1.692370e+02 -6.804245e+00 -3.711890e+01 1.658881e+02 -6.952692e+00 -3.633000e+01 3.348921e+00 1.484475e-01 -7.889070e-01
134            1.662497e+02 -7.891391e+00 -3.742558e+01 1.629048e+02 -8.030159e+00 -3.665583e+01 3.344877e+00 1.387682e-01 -7.697556e-01
135            1.640876e+02 -8.760861e+00 -3.798254e+01 1.607495e+02 -8.889950e+00 -3.723146e+01 3.338155e+00 1.290894e-01 -7.510724e-01
136            1.612036e+02 -9.955672e+00 -3.889650e+01 1.578745e+02 -1.007504e+01 -3.816356e+01 3.329075e+00 1.193720e-01 -7.329360e-01
137            1.575169e+02 -1.141377e+01 -4.002392e+01 1.541997e+02 -1.152331e+01 -3.930860e+01 3.317207e+00 1.095356e-01 -7.153262e-01
138            1.535942e+02 -1.276339e+01 -4.089640e+01 1.502918e+02 -1.286299e+01 -4.019819e+01 3.302404e+00 9.959513e-02 -6.982059e-01
139            1.499157e+02 -1.377339e+01 -4.109332e+01 1.466308e+02 -1.386307e+01 -4.041164e+01 3.284851e+00 8.968066e-02 -6.816775e-01
140            1.468223e+02 -1.446910e+01 -4.069732e+01 1.435575e+02 -1.454895e+01 -4.003143e+01 3.264832e+00 7.984823e-02 -6.658890e-01
141            1.447852e+02 -1.495145e+01 -4.066168e+01 1.415420e+02 -1.502165e+01 -4.001105e+01 3.243131e+00 7.020046e-02 -6.506325e-01
142            1.419644e+02 -1.569334e+01 -4.087966e+01 1.387442e+02 -1.575392e+01 -4.024402e+01 3.220200e+00 6.057564e-02 -6.356462e-01
143            1.379829e+02 -1.673758e+01 -4.119405e+01 1.347871e+02 -1.678846e+01 -4.057298e+01 3.195851e+00 5.087673e-02 -6.210773e-01
144            1.335278e+02 -1.770458e+01 -4.110503e+01 1.303581e+02 -1.774572e+01 -4.049841e+01 3.169735e+00 4.113720e-02 -6.066197e-01
145            1.301957e+02 -1.816448e+01 -4.039219e+01 1.270535e+02 -1.819600e+01 -3.980018e+01 3.142217e+00 3.152011e-02 -5.920134e-01
146            1.280809e+02 -1.825860e+01 -3.962755e+01 1.249661e+02 -1.828055e+01 -3.905030e+01 3.114785e+00 2.194987e-02 -5.772478e-01
147            1.260654e+02 -1.833287e+01 -3.921205e+01 1.229775e+02 -1.834511e+01 -3.864964e+01 3.087962e+00 1.223610e-02 -5.624153e-01
148            1.228646e+02 -1.855760e+01 -3.875594e+01 1.198037e+02 -1.855996e+01 -3.820851e+01 3.060959e+00 2.356382e-03 -5.474350e-01
149            1.188034e+02 -1.872725e+01 -3.788044e+01 1.157702e+02 -1.871971e+01 -3.734847e+01 3.033207e+00 -7.536375e-03 -5.319718e-01
150            1.160225e+02 -1.842686e+01 -3.682501e+01 1.130175e+02 -1.840957e+01 -3.630916e+01 3.005017e+00 -1.729039e-02 -5.158547e-01
151            1.144976e+02 -1.776729e+01 -3.584797e+01 1.115211e+02 -1.774051e+01 -3.534878e+01 2.976507e+00 -2.677944e-02 -4.991973e-01
152            1.131169e+02 -1.706638e+01 -3.499365e+01 1.101695e+02 -1.703044e+01 -3.451149e+01 2.947415e+00 -3.594215e-02 -4.821633e-01
153            1.111494e+02 -1.629353e+01 -3.389642e+01 1.082322e+02 -1.624880e+01 -3.343176e+01 2.917270e+00 -4.473121e-02 -4.646519e-01
154            1.089083e+02 -1.543517e+01 -3.248323e+01 1.060229e+02 -1.538218e+01 -3.203676e+01 2.885472e+00 -5.298937e-02 -4.464657e-01
155            1.072482e+02 -1.461587e+01 -3.107454e+01 1.043967e+02 -1.455517e+01 -3.064716e+01 2.851532e+00 -6.070581e-02 -4.273788e-01
156            1.062499e+02 -1.396267e+01 -2.991499e+01 1.034353e+02 -1.389468e+01 -2.950750e+01 2.814646e+00 -6.798797e-02 -4.074850e-01
157            1.053321e+02 -1.347251e+01 -2.890970e+01 1.025581e+02 -1.339770e+01 -2.852239e+01 2.774034e+00 -7.480639e-02 -3.873143e-01
158            1.040752e+02 -1.304664e+01 -2.780079e+01 1.013463e+02 -1.296547e+01 -2.743334e+01 2.728894e+00 -8.116553e-02 -3.674452e-01
159            1.025428e+02 -1.265303e+01 -2.657973e+01 9.986394e+01 -1.256611e+01 -2.623158e+01 2.678830e+00 -8.691658e-02 -3.481579e-01
160            1.010635e+02 -1.231564e+01 -2.540814e+01 9.843960e+01 -1.222381e+01 -2.507867e+01 2.623884e+00 -9.182943e-02 -3.294672e-01
161            9.986661e+01 -1.210206e+01 -2.443639e+01 9.730244e+01 -1.200617e+01 -2.412497e+01 2.564171e+00 -9.588878e-02 -3.114266e-01
162            9.884859e+01 -1.200354e+01 -2.364301e+01 9.634857e+01 -1.190438e+01 -2.334904e+01 2.500022e+00 -9.915197e-02 -2.939618e-01
163            9.779562e+01 -1.194012e+01 -2.290916e+01 9.536371e+01 -1.183845e+01 -2.263199e+01 2.431912e+00 -1.016754e-01 -2.771703e-01
164            9.663523e+01 -1.187867e+01 -2.216680e+01 9.427456e+01 -1.177512e+01 -2.190600e+01 2.360663e+00 -1.035538e-01 -2.607955e-01
165            9.545526e+01 -1.185348e+01 -2.144730e+01 9.316855e+01 -1.174867e+01 -2.120221e+01 2.286715e+00 -1.048111e-01 -2.450949e-01
166            9.435446e+01 -1.187547e+01 -2.076409e+01 9.214399e+01 -1.176985e+01 -2.053371e+01 2.210470e+00 -1.056247e-01 -2.303834e-01
167            9.334558e+01 -1.188953e+01 -2.006836e+01 9.121312e+01 -1.178351e+01 -1.985159e+01 2.132460e+00 -1.060218e-01 -2.167704e-01
168            9.238137e+01 -1.185094e+01 -1.927554e+01 9.032823e+01 -1.174487e+01 -1.907150e+01 2.053142e+00 -1.060678e-01 -2.040354e-01
169            9.141785e+01 -1.179894e+01 -1.836261e+01 8.944454e+01 -1.169318e+01 -1.817079e+01 1.973311e+00 -1.057596e-01 -1.918160e-01
170            9.044385e+01 -1.178689e+01 -1.738937e+01 8.855022e+01 -1.168152e+01 -1.720947e+01 1.893621e+00 -1.053646e-01 -1.798961e-01
171            8.945136e+01 -1.181661e+01 -1.640160e+01 8.763633e+01 -1.171139e+01 -1.623360e+01 1.815028e+00 -1.052144e-01 -1.680018e-01
172            8.844905e+01 -1.183019e+01 -1.540489e+01 8.671102e+01 -1.172475e+01 -1.524872e+01 1.738032e+00 -1.054391e-01 -1.561771e-01
173            8.746167e+01 -1.176407e+01 -1.436396e+01 8.579827e+01 -1.165800e+01 -1.421954e+01 1.663396e+00 -1.060654e-01 -1.444243e-01
174            8.650309e+01 -1.158074e+01 -1.322131e+01 8.491137e+01 -1.147378e+01 -1.308846e+01 1.591725e+00 -1.069601e-01 -1.328451e-01
175            8.564028e+01 -1.124619e+01 -1.199311e+01 8.411620e+01 -1.113817e+01 -1.187143e+01 1.524078e+00 -1.080209e-01 -1.216716e-01
176            8.495639e+01 -1.079115e+01 -1.086360e+01 8.349505e+01 -1.068207e+01 -1.075230e+01 1.461347e+00 -1.090830e-01 -1.113030e-01
177            8.450427e+01 -1.025392e+01 -1.000533e+01 8.310021e+01 -1.014385e+01 -9.903280e+00 1.404068e+00 -1.100705e-01 -1.020490e-01
178            8.425305e+01 -9.640317e+00 -9.437307e+00 8.290027e+01 -9.529453e+00 -9.343250e+00 1.352775e+00 -1.108639e-01 -9.405653e-02
179            8.412150e+01 -8.906974e+00 -9.063954e+00 8.281384e+01 -8.795669e+00 -8.976520e+00 1.307662e+00 -1.113048e-01 -8.743377e-02
180            8.402422e+01 -8.020977e+00 -8.773255e+00 8.275570e+01 -7.909796e+00 -8.691235e+00 1.268521e+00 -1.111811e-01 -8.201985e-02
181            8.389726e+01 -6.984761e+00 -8.535476e+00 8.266189e+01 -6.874599e+00 -8.458090e+00 1.235371e+00 -1.101616e-01 -7.738690e-02
182            8.366362e+01 -5.873885e+00 -8.380789e+00 8.245623e+01 -5.765953e+00 -8.307099e+00 1.207391e+00 -1.079326e-01 -7.368983e-02
183            8.323080e+01 -4.784286e+00 -8.269827e+00 8.204720e+01 -4.679610e+00 -8.199203e+00 1.183601e+00 -1.046754e-01 -7.062484e-02
184            8.256010e+01 -3.775812e+00 -8.089531e+00 8.139669e+01 -3.675098e+00 -8.021379e+00 1.163407e+00 -1.007140e-01 -6.815263e-02
185            8.169137e+01 -2.908604e+00 -7.795057e+00 8.054507e+01 -2.812386e+00 -7.728760e+00 1.146300e+00 -9.621861e-02 -6.629672e-02
186            8.070248e+01 -2.189853e+00 -7.500141e+00 7.957087e+01 -2.098632e+00 -7.435052e+00 1.131613e+00 -9.122051e-02 -6.508907e-02
187            7.964435e+01 -1.577651e+00 -7.260637e+00 7.852615e+01 -1.491577e+00 -7.196292e+00 1.118198e+00 -8.607380e-02 -6.434482e-02
188            7.859270e+01 -1.043690e+00 -7.049995e+00 7.748740e+01 -9.626091e-01 -6.986077e+00 1.105299e+00 -8.108111e-02 -6.391787e-02
189            7.766675e+01 -5.821219e-01 -6.844208e+00 7.657465e+01 -5.054183e-01 -6.780391e+00 1.092100e+00 -7.670362e-02 -6.381696e-02
190            7.696785e+01 -2.199412e-01 -6.708553e+00 7.588940e+01 -1.465690e-01 -6.644710e+00 1.078448e+00 -7.337225e-02 -6.384323e-02
191            7.656368e+01 -1.525409e-02 -6.787680e+00 7.549961e+01 5.612667e-02 -6.723630e+00 1.064068e+00 -7.138076e-02 -6.405079e-02
192            7.643974e+01 2.377491e-02 -7.143386e+00 7.539065e+01 9.471596e-02 -7.078880e+00 1.049081e+00 -7.094105e-02 -6.450575e-02
193            7.650216e+01 -3.263938e-02 -7.792060e+00 7.546846e+01 3.922639e-02 -7.726736e+00 1.033706e+00 -7.186577e-02 -6.532440e-02
194            7.661785e+01 -1.156542e-01 -8.664359e+00 7.559987e+01 -4.193516e-02 -8.597661e+00 1.017975e+00 -7.371900e-02 -6.669847e-02
195            7.667174e+01 -2.507599e-01 -9.556637e+00 7.567003e+01 -1.749252e-01 -9.488052e+00 1.001709e+00 -7.583478e-02 -6.858589e-02
196            7.659885e+01 -5.359918e-01 -1.028825e+01 7.561485e+01 -4.584257e-01 -1.021765e+01 9.840007e-01 -7.756616e-02 -7.059656e-02
197            7.638656e+01 -1.028759e+00 -1.079488e+01 7.542206e+01 -9.501184e-01 -1.072230e+01 9.644946e-01 -7.864106e-02 -7.257155e-02
198            7.604935e+01 -1.709326e+00 -1.111081e+01 7.510660e+01 -1.630366e+00 -1.103639e+01 9.427493e-01 -7.895930e-02 -7.441350e-02
199            7.561931e+01 -2.517214e+00 -1.125307e+01 7.470134e+01 -2.438517e+00 -1.117726e+01 9.179688e-01 -7.869663e-02 -7.580856e-02
200            7.510517e+01 -3.440045e+00 -1.115815e+01 7.421455e+01 -3.362016e+00 -1.108169e+01 8.906125e-01 -7.802896e-02 -7.645447e-02
201            7.450128e+01 -4.483111e+00 -1.072373e+01 7.363984e+01 -4.406079e+00 -1.064748e+01 8.614362e-01 -7.703130e-02 -7.624474e-02
202            7.385077e+01 -5.579592e+00 -9.867202e+00 7.301907e+01 -5.503773e+00 -9.791946e+00 8.317026e-01 -7.581831e-02 -7.525569e-02
203            7.319870e+01 -6.547442e+00 -8.626853e+00 7.239576e+01 -6.472897e+00 -8.553002e+00 8.029471e-01 -7.454481e-02 -7.385064e-02
204            7.253620e+01 -7.233134e+00 -7.210333e+00 7.176054e+01 -7.159730e+00 -7.138314e+00 7.756582e-01 -7.340460e-02 -7.201844e-02
205            7.189376e+01 -7.621857e+00 -5.807278e+00 7.114407e+01 -7.549320e+00 -5.737738e+00 7.496860e-01 -7.253687e-02 -6.954026e-02
206            7.138321e+01 -7.790055e+00 -4.546951e+00 7.065831e+01 -7.718396e+00 -4.480747e+00 7.249001e-01 -7.165910e-02 -6.620420e-02
207            7.117694e+01 -7.809711e+00 -3.590785e+00 7.047608e+01 -7.739425e+00 -3.529132e+00 7.008551e-01 -7.028627e-02 -6.165271e-02
208            7.130280e+01 -7.753375e+00 -3.177142e+00 7.062562e+01 -7.685452e+00 -3.120934e+00 6.771802e-01 -6.792326e-02 -5.620861e-02
209            7.166191e+01 -7.573317e+00 -3.398745e+00 7.100852e+01 -7.509116e+00 -3.347734e+00 6.533888e-01 -6.420122e-02 -5.101123e-02
210            7.219362e+01 -7.151927e+00 -4.125875e+00 7.156326e+01 -7.093321e+00 -4.079187e+00 6.303639e-01 -5.860658e-02 -4.668798e-02
211            7.284350e+01 -6.493320e+00 -5.088089e+00 7.223389e+01 -6.441935e+00 -5.044800e+00 6.096104e-01 -5.138468e-02 -4.328918e-02
212            7.349692e+01 -5.693439e+00 -6.073682e+00 7.290473e+01 -5.650435e+00 -6.032623e+00 5.921996e-01 -4.300385e-02 -4.105830e-02
213            7.402465e+01 -4.801818e+00 -6.837306e+00 7.344673e+01 -4.767586e+00 -6.797875e+00 5.779202e-01 -3.423189e-02 -3.943065e-02
214            7.436775e+01 -3.836824e+00 -7.214372e+00 7.380082e+01 -3.811201e+00 -7.176447e+00 5.669286e-01 -2.562320e-02 -3.792550e-02
215            7.453162e+01 -2.894223e+00 -7.181365e+00 7.397163e+01 -2.877068e+00 -7.145083e+00 5.599950e-01 -1.715506e-02 -3.628196e-02
216            7.451320e+01 -2.100718e+00 -6.749108e+00 7.395537e+01 -2.092260e+00 -6.715465e+00 5.578372e-01 -8.458395e-03 -3.364320e-02
217            7.429566e+01 -1.563967e+00 -5.984938e+00 7.373505e+01 -1.564782e+00 -5.955646e+00 5.606036e-01 8.146453e-04 -2.929263e-02
218            7.388340e+01 -1.284578e+00 -5.094417e+00 7.331533e+01 -1.295160e+00 -5.071176e+00 5.680744e-01 1.058189e-02 -2.324018e-02
219            7.316995e+01 -1.077211e+00 -4.194431e+00 7.259055e+01 -1.097268e+00 -4.178156e+00 5.794055e-01 2.005700e-02 -1.627424e-02
220            7.215759e+01 -8.854017e-01 -3.304884e+00 7.156398e+01 -9.139104e-01 -3.295581e+00 5.936073e-01 2.850868e-02 -9.302570e-03
221            7.114276e+01 -7.300642e-01 -2.494415e+00 7.053269e+01 -7.655135e-01 -2.491293e+00 6.100758e-01 3.544929e-02 -3.121733e-03
222            7.039165e+01 -6.679414e-01 -1.883301e+00 6.976310e+01 -7.084017e-01 -1.885270e+00 6.285490e-01 4.046028e-02 1.968955e-03
223            7.001435e+01 -7.205393e-01 -1.576115e+00 6.936629e+01 -7.641320e-01 -1.581997e+00 6.480610e-01 4.359270e-02 5.881447e-03
224            7.001732e+01 -8.506643e-01 -1.620456e+00 6.935016e+01 -8.954798e-01 -1.629296e+00 6.671529e-01 4.481552e-02 8.840488e-03
225            7.035771e+01 -9.933377e-01 -2.012571e+00 6.967343e+01 -1.037145e+00 -2.023500e+00 6.842802e-01 4.380723e-02 1.092857e-02
226            7.094226e+01 -1.220892e+00 -2.828729e+00 7.024383e+01 -1.260381e+00 -2.841008e+00 6.984246e-01 3.948909e-02 1.227924e-02
227            7.166842e+01 -1.638342e+00 -4.081042e+00 7.096030e+01 -1.669918e+00 -4.093621e+00 7.081159e-01 3.157596e-02 1.257952e-02
228            7.243885e+01 -2.276774e+00 -5.599161e+00 7.172712e+01 -2.297979e+00 -5.610767e+00 7.117354e-01 2.120569e-02 1.160633e-02
229            7.309620e+01 -2.988894e+00 -7.061390e+00 7.238705e+01 -2.999230e+00 -7.070605e+00 7.091515e-01 1.033581e-02 9.214783e-03
230            7.348531e+01 -3.600756e+00 -8.186905e+00 7.278462e+01 -3.601497e+00 -8.193219e+00 7.006890e-01 7.412027e-04 6.314529e-03
231            7.355632e+01 -4.010752e+00 -8.747050e+00 7.286855e+01 -4.003682e+00 -8.750298e+00 6.877714e-01 -7.069889e-03 3.248534e-03
232            7.333959e+01 -4.283212e+00 -8.688837e+00 7.266744e+01 -4.270192e+00 -8.688973e+00 6.721425e-01 -1.302017e-02 1.352876e-04
233            7.284830e+01 -4.594320e+00 -8.078077e+00 7.219350e+01 -4.576834e+00 -8.075469e+00 6.547904e-01 -1.748578e-02 -2.607739e-03
234            7.205914e+01 -5.064195e+00 -6.985826e+00 7.142252e+01 -5.043148e+00 -6.980597e+00 6.366204e-01 -2.104706e-02 -5.229172e-03
235            7.101621e+01 -5.644113e+00 -5.490235e+00 7.039906e+01 -5.620501e+00 -5.482342e+00 6.171466e-01 -2.361119e-02 -7.893393e-03
236            6.982256e+01 -6.252472e+00 -3.744110e+00 6.922560e+01 -6.226959e+00 -3.733646e+00 5.969604e-01 -2.551322e-02 -1.046330e-02
237            6.863056e+01 -6.746331e+00 -1.948600e+00 6.805353e+01 -6.718943e+00 -1.935761e+00 5.770255e-01 -2.738778e-02 -1.283828e-02
238            6.770543e+01 -6.980139e+00 -3.805369e-01 6.714752e+01 -6.950746e+00 -3.660299e-01 5.579062e-01 -2.939260e-02 -1.450703e-02
239            6.718916e+01 -6.901658e+00 6.017156e-01 6.664904e+01 -6.870449e+00 6.172865e-01 5.401179e-01 -3.120830e-02 -1.557093e-02
240            6.709115e+01 -6.592057e+00 7.958170e-01 6.656707e+01 -6.560327e+00 8.124976e-01 5.240803e-01 -3.173023e-02 -1.668065e-02
241            6.731781e+01 -6.114031e+00 2.445142e-01 6.680790e+01 -6.084026e+00 2.631462e-01 5.099050e-01 -3.000545e-02 -1.863196e-02
242            6.777389e+01 -5.556273e+00 -7.922973e-01 6.727644e+01 -5.530877e+00 -7.702477e-01 4.974590e-01 -2.539591e-02 -2.204959e-02
243            6.848329e+01 -5.019381e+00 -2.099517e+00 6.799608e+01 -5.001250e+00 -2.071971e+00 4.872065e-01 -1.813171e-02 -2.754639e-02
244            6.942443e+01 -4.518083e+00 -3.532386e+00 6.894371e+01 -4.508610e+00 -3.496778e+00 4.807226e-01 -9.473207e-03 -3.560715e-02
245            7.041805e+01 -4.005212e+00 -4.850260e+00 6.993961e+01 -4.004746e+00 -4.804460e+00 4.784359e-01 -4.660972e-04 -4.579994e-02
246            7.123014e+01 -3.360285e+00 -5.818691e+00 7.074964e+01 -3.368826e+00 -5.761163e+00 4.804988e-01 8.540151e-03 -5.752801e-02
247            7.179576e+01 -2.451755e+00 -6.266346e+00 7.130956e+01 -2.469524e+00 -6.196606e+00 4.862009e-01 1.776962e-02 -6.974005e-02
248            7.219605e+01 -1.361309e+00 -6.053826e+00 7.170133e+01 -1.388990e+00 -5.972494e+00 4.947259e-01 2.768089e-02 -8.133260e-02
249            7.245656e+01 -2.044697e-01 -5.282731e+00 7.195051e+01 -2.425369e-01 -5.191073e+00 5.060466e-01 3.806722e-02 -9.165834e-02
250            7.249502e+01 1.070583e+00 -4.236627e+00 7.197363e+01 1.022283e+00 -4.136102e+00 5.213913e-01 4.829996e-02 -1.005258e-01
251            7.233078e+01 2.492632e+00 -3.256560e+00 7.179038e+01 2.435224e+00 -3.148496e+00 5.404000e-01 5.740826e-02 -1.080640e-01
252            7.191826e+01 3.956824e+00 -2.622665e+00 7.135630e+01 3.892251e+00 -2.507988e+00 5.619608e-01 6.457253e-02 -1.146768e-01
253            7.125865e+01 5.350440e+00 -2.378837e+00 7.067400e+01 5.280872e+00 -2.258216e+00 5.846500e-01 6.956868e-02 -1.206210e-01
254            7.045308e+01 6.663122e+00 -2.372789e+00 6.984666e+01 6.590340e+00 -2.246859e+00 6.064178e-01 7.278218e-02 -1.259300e-01
255            6.964235e+01 7.898779e+00 -2.514564e+00 6.901695e+01 7.824427e+00 -2.384488e+00 6.254042e-01 7.435201e-02 -1.300760e-01
256            6.895945e+01 9.007880e+00 -2.732935e+00 6.831862e+01 8.934171e+00 -2.599954e+00 6.408243e-01 7.370887e-02 -1.329810e-01
257            6.861442e+01 9.919463e+00 -2.955474e+00 6.796223e+01 9.849166e+00 -2.820376e+00 6.521906e-01 7.029690e-02 -1.350971e-01
258            6.877107e+01 1.052064e+01 -3.293054e+00 6.811216e+01 1.045612e+01 -3.156213e+00 6.589175e-01 6.452032e-02 -1.368409e-01
259            6.945603e+01 1.073199e+01 -3.953068e+00 6.879489e+01 1.067538e+01 -3.814862e+00 6.611477e-01 5.660114e-02 -1.382064e-01
260            7.046402e+01 1.054860e+01 -4.944738e+00 6.980504e+01 1.050157e+01 -4.806057e+00 6.589869e-01 4.703654e-02 -1.386813e-01
261            7.150144e+01 1.001919e+01 -5.917033e+00 7.084938e+01 9.982235e+00 -5.779657e+00 6.520628e-01 3.695315e-02 -1.373755e-01
262            7.237104e+01 9.145340e+00 -6.489063e+00 7.173068e+01 9.118064e+00 -6.355192e+00 6.403595e-01 2.727581e-02 -1.338704e-01
263            7.298412e+01 7.949251e+00 -6.425488e+00 7.235989e+01 7.930763e+00 -6.297352e+00 6.242284e-01 1.848752e-02 -1.281359e-01
264            7.332794e+01 6.512854e+00 -5.756237e+00 7.272336e+01 6.501843e+00 -5.635967e+00 6.045806e-01 1.101090e-02 -1.202697e-01
265            7.342584e+01 4.964968e+00 -4.754893e+00 7.284299e+01 4.959954e+00 -4.644835e+00 5.828553e-01 5.013572e-03 -1.100578e-01
266            7.331608e+01 3.424400e+00 -3.730580e+00 7.275555e+01 3.424086e+00 -3.632848e+00 5.605335e-01 3.138668e-04 -9.773155e-02
267            7.305355e+01 1.991220e+00 -2.879614e+00 7.251488e+01 1.994226e+00 -2.795656e+00 5.386724e-01 -3.005921e-03 -8.395760e-02
268            7.271590e+01 6.555754e-01 -2.248017e+00 7.219804e+01 6.603070e-01 -2.178461e+00 5.178540e-01 -4.731644e-03 -6.955611e-02
269            7.233340e+01 -6.397329e-01 -1.750843e+00 7.183459e+01 -6.351346e-01 -1.695339e+00 4.988053e-01 -4.598296e-03 -5.550487e-02
270            7.183898e+01 -1.904528e+00 -1.233493e+00 7.135716e+01 -1.901831e+00 -1.191379e+00 4.818155e-01 -2.696751e-03 -4.211402e-02
271            7.115328e+01 -3.111614e+00 -5.817529e-01 7.068664e+01 -3.112273e+00 -5.526753e-01 4.666356e-01 6.582569e-04 -2.907761e-02
272            7.025593e+01 -4.221753e+00 2.635447e-01 6.980253e+01 -4.226791e+00 2.799192e-01 4.533996e-01 5.038342e-03 -1.637448e-02
273            6.929706e+01 -5.245404e+00 1.284166e+00 6.885471e+01 -5.255235e+00 1.288262e+00 4.423490e-01 9.830835e-03 -4.095806e-03
274            6.851085e+01 -6.224694e+00 2.362605e+00 6.807655e+01 -6.239635e+00 2.355193e+00 4.343007e-01 1.494153e-02 7.412161e-03
275            6.803235e+01 -7.216745e+00 3.398309e+00 6.760336e+01 -7.237149e+00 3.380621e+00 4.289874e-01 2.040424e-02 1.768875e-02
276            6.779544e+01 -8.319636e+00 4.292316e+00 6.736832e+01 -8.346084e+00 4.265345e+00 4.271140e-01 2.644786e-02 2.697083e-02
277            6.769490e+01 -9.616620e+00 4.944800e+00 6.726695e+01 -9.649546e+00 4.909919e+00 4.279551e-01 3.292583e-02 3.488035e-02
278            6.773157e+01 -1.106754e+01 5.232976e+00 6.730011e+01 -1.110689e+01 5.192215e+00 4.314681e-01 3.934594e-02 4.076119e-02
279            6.796687e+01 -1.254322e+01 5.117001e+00 6.752977e+01 -1.258867e+01 5.072260e+00 4.370989e-01 4.544589e-02 4.474122e-02
280            6.837521e+01 -1.394581e+01 4.694753e+00 6.793105e+01 -1.399678e+01 4.648159e+00 4.441572e-01 5.096844e-02 4.659381e-02
281            6.882810e+01 -1.521025e+01 4.182938e+00 6.837495e+01 -1.526623e+01 4.136613e+00 4.531571e-01 5.597713e-02 4.632509e-02
282            6.918795e+01 -1.618771e+01 3.797472e+00 6.872388e+01 -1.624806e+01 3.753351e+00 4.640647e-01 6.034267e-02 4.412092e-02
283            6.941942e+01 -1.681459e+01 3.598852e+00 6.894258e+01 -1.687871e+01 3.558505e+00 4.768402e-01 6.412329e-02 4.034686e-02
284            6.959593e+01 -1.709090e+01 3.449022e+00 6.910504e+01 -1.715812e+01 3.413570e+00 4.908865e-01 6.721673e-02 3.545194e-02
285            6.979267e+01 -1.705047e+01 3.157754e+00 6.928732e+01 -1.712007e+01 3.127620e+00 5.053472e-01 6.960145e-02 3.013376e-02
286            7.002192e+01 -1.668463e+01 2.610103e+00 6.950163e+01 -1.675589e+01 2.585327e+00 5.202859e-01 7.125225e-02 2.477636e-02
287            7.020653e+01 -1.587696e+01 1.835471e+00 6.967088e+01 -1.594912e+01 1.816177e+00 5.356517e-01 7.216112e-02 1.929468e-02
288            7.023671e+01 -1.454680e+01 9.738579e-01 6.968576e+01 -1.461930e+01 9.600312e-01 5.509422e-01 7.249644e-02 1.382671e-02
289            7.007641e+01 -1.273950e+01 1.836448e-01 6.951061e+01 -1.281172e+01 1.751642e-01 5.658028e-01 7.222153e-02 8.480643e-03
290            6.976671e+01 -1.064780e+01 -4.319744e-01 6.918751e+01 -1.071959e+01 -4.351669e-01 5.791943e-01 7.179258e-02 3.192559e-03
291            6.938822e+01 -8.516635e+00 -8.353032e-01 6.879718e+01 -8.588104e+00 -8.331811e-01 5.910356e-01 7.146849e-02 -2.122059e-03
292            6.901863e+01 -6.476793e+00 -1.050440e+00 6.841789e+01 -6.547883e+00 -1.043601e+00 6.007443e-01 7.109018e-02 -6.838675e-03
293            6.870303e+01 -4.500473e+00 -1.160229e+00 6.809585e+01 -4.571059e+00 -1.149091e+00 6.071817e-01 7.058531e-02 -1.113854e-02
294            6.844831e+01 -2.501649e+00 -1.248548e+00 6.783841e+01 -2.571419e+00 -1.233396e+00 6.098986e-01 6.976970e-02 -1.515179e-02
295            6.826850e+01 -4.720116e-01 -1.324588e+00 6.765990e+01 -5.404414e-01 -1.305516e+00 6.086015e-01 6.842981e-02 -1.907139e-02
296            6.821130e+01 1.442226e+00 -1.377136e+00 6.760772e+01 1.375493e+00 -1.354236e+00 6.035827e-01 6.673291e-02 -2.289959e-02
297            6.833387e+01 3.081206e+00 -1.388820e+00 6.773818e+01 3.016081e+00 -1.362505e+00 5.956842e-01 6.512479e-02 -2.631467e-02
298            6.857785e+01 4.325592e+00 -1.324778e+00 6.799237e+01 4.262433e+00 -1.296000e+00 5.854836e-01 6.315854e-02 -2.877816e-02
299            6.879226e+01 5.124934e+00 -1.130297e+00 6.821914e+01 5.064928e+00 -1.100317e+00 5.731181e-01 6.000647e-02 -2.998002e-02
300            6.888433e+01 5.535865e+00 -7.638258e-01 6.832608e+01 5.480432e+00 -7.339128e-01 5.582525e-01 5.543273e-02 -2.991305e-02
