# Force and moment coefficients
# dragDir     : (1.000000e+00 0.000000e+00 0.000000e+00)
# sideDir     : (0.000000e+00 1.000000e+00 0.000000e+00)
# liftDir     : (0.000000e+00 0.000000e+00 1.000000e+00)
# rollAxis    : (1.000000e+00 0.000000e+00 0.000000e+00)
# pitchAxis   : (0.000000e+00 1.000000e+00 0.000000e+00)
# yawAxis     : (0.000000e+00 0.000000e+00 1.000000e+00)
# magUInf     : 2.000000e+01
# lRef        : 1.500000e+00
# Aref        : 1.000000e+00
# CofR        : (0.000000e+00 0.000000e+00 0.000000e+00)
#
# Time        	Cd            	Cd(f)         	Cd(r)         	Cl            	Cl(f)         	Cl(r)         	CmPitch       	CmRoll        	CmYaw         	Cs            	Cs(f)         	Cs(r)         
1             	1.023912e+01	5.119622e+00	5.119496e+00	-3.528426e-02	2.969768e+00	-3.005052e+00	2.987410e+00	6.281565e-05	-4.193659e-04	-6.508704e-05	-4.519094e-04	3.868224e-04
2             	3.726304e+00	1.863196e+00	1.863107e+00	-6.184022e-02	1.086189e+00	-1.148029e+00	1.117109e+00	4.468783e-05	3.531908e-03	-7.921543e-04	3.135830e-03	-3.927985e-03
3             	-1.480264e+02	-7.376058e+01	-7.426586e+01	-2.481970e-01	-4.608185e+01	4.583365e+01	-4.595775e+01	2.526430e-01	3.623141e-02	-7.251002e-01	-3.263187e-01	-3.987815e-01
4             	2.076224e+02	1.068031e+02	1.008193e+02	2.151916e-01	7.816264e+01	-7.794745e+01	7.805505e+01	2.991857e+00	2.868669e+00	-7.832215e+00	-1.047439e+00	-6.784777e+00
5             	1.836485e+02	9.721268e+01	8.643583e+01	2.318735e+00	2.937790e+01	-2.705917e+01	2.821853e+01	5.388425e+00	-5.402521e+01	-1.425676e+01	-6.115358e+01	4.689683e+01
6             	1.366767e+02	7.368449e+01	6.299224e+01	2.248116e+00	1.609371e+01	-1.384559e+01	1.496965e+01	5.346125e+00	-5.616691e+01	-1.528970e+01	-6.381176e+01	4.852206e+01
7             	4.449107e+01	2.618361e+01	1.830747e+01	1.924708e+00	3.843410e+00	-1.918702e+00	2.881056e+00	3.938072e+00	-2.750884e+01	-1.236845e+01	-3.369306e+01	2.132462e+01
8             	-3.722971e+01	-2.081527e+01	-1.641444e+01	3.631250e+00	-1.253029e+00	4.884278e+00	-3.068654e+00	-2.200415e+00	9.356174e+00	4.979711e+01	3.425473e+01	1.554238e+01
9             	-1.241835e+02	-4.816403e+02	3.574568e+02	3.486576e+00	-3.517393e+01	3.866050e+01	-3.691722e+01	-4.195486e+02	-4.823298e+01	6.615156e+03	3.259345e+03	3.355811e+03
10            	-4.922562e+02	-6.492960e+02	1.570397e+02	1.735259e+00	-1.166767e+02	1.184120e+02	-1.175444e+02	-4.031678e+02	-1.413107e+02	7.414827e+03	3.566103e+03	3.848724e+03
11            	-1.248608e+03	-7.262994e+02	-5.223090e+02	-6.246517e-01	-1.865418e+02	1.859172e+02	-1.862295e+02	-1.019952e+02	-1.000756e+02	2.395636e+03	1.097742e+03	1.297893e+03
12            	-2.089742e+03	-8.990383e+02	-1.190704e+03	-3.975034e+00	-1.833850e+02	1.794099e+02	-1.813975e+02	1.458328e+02	1.134794e+01	-2.587583e+03	-1.282444e+03	-1.305140e+03
13            	-2.262684e+03	-9.481039e+02	-1.314580e+03	-7.379129e+00	-1.296039e+02	1.222248e+02	-1.259144e+02	1.832379e+02	5.935706e+01	-3.692661e+03	-1.786974e+03	-1.905688e+03
14            	-1.785282e+03	-7.681109e+02	-1.017171e+03	-9.390520e+00	-9.104735e+01	8.165683e+01	-8.635209e+01	1.245300e+02	3.195310e+01	-2.391305e+03	-1.163699e+03	-1.227606e+03
15            	-1.155236e+03	-4.764425e+02	-6.787939e+02	-9.220398e+00	-8.434220e+01	7.512180e+01	-7.973200e+01	1.011757e+02	-1.298739e+00	-1.536331e+03	-7.694644e+02	-7.668669e+02
16            	-6.664764e+02	-2.630222e+02	-4.034541e+02	-7.898191e+00	-8.236732e+01	7.446913e+01	-7.841822e+01	7.021596e+01	-3.052401e+00	-1.006945e+03	-5.065249e+02	-5.004201e+02
17            	-4.133904e+02	-1.775961e+02	-2.357943e+02	-6.779207e+00	-7.328901e+01	6.650980e+01	-6.989940e+01	2.909908e+01	7.321396e+00	-4.979431e+02	-2.416501e+02	-2.562929e+02
18            	-2.675615e+02	-1.386028e+02	-1.289587e+02	-6.568500e+00	-5.230545e+01	4.573695e+01	-4.902120e+01	-4.822007e+00	1.138158e+01	-1.146471e+01	5.649225e+00	-1.711394e+01
19            	-1.459893e+02	-8.387318e+01	-6.211614e+01	-5.135565e+00	-2.837782e+01	2.324225e+01	-2.581004e+01	-1.087852e+01	1.240343e+01	1.331305e+02	7.896867e+01	5.416180e+01
20            	-7.356886e+01	-3.786929e+01	-3.569957e+01	-1.871964e+00	-1.592375e+01	1.405179e+01	-1.498777e+01	-1.084856e+00	1.011081e+01	4.386688e+01	3.204424e+01	1.182263e+01
21            	-3.179878e+01	-9.644687e+00	-2.215410e+01	1.762424e+00	-1.281711e+01	1.457954e+01	-1.369833e+01	6.254704e+00	7.028270e+00	-6.335137e+01	-2.464741e+01	-3.870395e+01
22            	-3.116303e+01	-1.054559e+01	-2.061744e+01	4.247234e+00	-1.341402e+01	1.766125e+01	-1.553764e+01	5.035925e+00	4.347194e+00	-5.258144e+01	-2.194353e+01	-3.063791e+01
23            	-4.673875e+01	-2.381889e+01	-2.291985e+01	3.738518e+00	-1.303855e+01	1.677707e+01	-1.490781e+01	-4.495199e-01	3.430842e+00	2.513652e+01	1.599910e+01	9.137416e+00
24            	-4.888007e+01	-2.892089e+01	-1.995919e+01	4.456807e-01	-1.054844e+01	1.099412e+01	-1.077128e+01	-4.480848e+00	4.216057e+00	6.881892e+01	3.862551e+01	3.019340e+01
25            	-3.015407e+01	-2.000581e+01	-1.014827e+01	-2.191854e+00	-7.574396e+00	5.382542e+00	-6.478469e+00	-4.928771e+00	5.151109e+00	5.054351e+01	3.042287e+01	2.012065e+01
26            	-7.347068e+00	-7.275301e+00	-7.176694e-02	-2.852112e+00	-5.871938e+00	3.019826e+00	-4.445882e+00	-3.601767e+00	4.831249e+00	1.421153e+01	1.193702e+01	2.274518e+00
27            	-2.465309e+00	-3.353305e+00	8.879961e-01	-1.552383e+00	-5.811940e+00	4.259557e+00	-5.035749e+00	-2.120650e+00	3.055425e+00	-7.182732e+00	-5.359410e-01	-6.646791e+00
28            	-1.328840e+01	-7.787245e+00	-5.501152e+00	3.139794e+00	-6.082422e+00	9.222216e+00	-7.652319e+00	-1.143046e+00	1.016024e+00	-8.758360e+00	-3.363156e+00	-5.395204e+00
29            	-2.227428e+01	-1.236497e+01	-9.909309e+00	1.032680e+01	-5.645300e+00	1.597210e+01	-1.080870e+01	-1.227831e+00	6.236530e-01	2.409981e+00	1.828643e+00	5.813375e-01
30            	-2.625771e+01	-1.540156e+01	-1.085615e+01	1.467328e+01	-5.020007e+00	1.969329e+01	-1.235665e+01	-2.272704e+00	1.817966e+00	1.369579e+01	8.665858e+00	5.029927e+00
31            	-2.507611e+01	-1.592410e+01	-9.152013e+00	1.430836e+01	-4.781153e+00	1.908951e+01	-1.193533e+01	-3.386045e+00	3.784080e+00	1.619597e+01	1.188207e+01	4.313908e+00
32            	-2.256705e+01	-1.539826e+01	-7.168797e+00	6.666070e+00	-4.861667e+00	1.152774e+01	-8.194702e+00	-4.114729e+00	6.113366e+00	1.025245e+01	1.123959e+01	-9.871406e-01
33            	-1.986950e+01	-1.405733e+01	-5.812172e+00	-7.384253e+00	-3.965632e+00	-3.418620e+00	-2.735060e-01	-4.122580e+00	7.526392e+00	2.145084e+00	8.598934e+00	-6.453850e+00
34            	-1.436033e+01	-1.093780e+01	-3.422525e+00	-1.543434e+01	-2.134815e+00	-1.329953e+01	5.582355e+00	-3.757640e+00	7.153304e+00	2.182368e+00	8.244488e+00	-6.062120e+00
35            	-7.862067e+00	-7.254507e+00	-6.075597e-01	-1.545423e+01	-5.526210e-01	-1.490161e+01	7.174496e+00	-3.323474e+00	5.947391e+00	6.352623e+00	9.123702e+00	-2.771079e+00
36            	-1.467432e+00	-3.617940e+00	2.150508e+00	-1.031607e+01	6.266094e-01	-1.094268e+01	5.784643e+00	-2.884224e+00	4.663084e+00	9.202912e+00	9.264540e+00	-6.162793e-02
37            	1.644942e+00	-1.581094e+00	3.226036e+00	-2.223818e+00	6.871960e-01	-2.911014e+00	1.799105e+00	-2.403565e+00	3.604777e+00	8.554514e+00	7.882034e+00	6.724800e-01
38            	-9.968182e-01	-2.374633e+00	1.377815e+00	4.104845e+00	-6.527069e-01	4.757552e+00	-2.705129e+00	-1.876224e+00	2.859004e+00	5.007262e+00	5.362635e+00	-3.553726e-01
39            	-5.863432e+00	-4.363494e+00	-1.499938e+00	4.706882e+00	-2.155466e+00	6.862349e+00	-4.508908e+00	-1.431778e+00	2.382890e+00	1.988944e+00	3.377362e+00	-1.388418e+00
40            	-9.248371e+00	-5.715168e+00	-3.533203e+00	2.090073e+00	-3.012919e+00	5.102992e+00	-4.057956e+00	-1.090983e+00	1.959198e+00	7.754830e-01	2.346939e+00	-1.571456e+00
41            	-1.097227e+01	-6.255626e+00	-4.716645e+00	-1.205979e+00	-3.190453e+00	1.984474e+00	-2.587463e+00	-7.694907e-01	1.416799e+00	5.492339e-01	1.691416e+00	-1.142182e+00
42            	-1.152362e+01	-6.238450e+00	-5.285170e+00	-3.176469e+00	-2.832815e+00	-3.436544e-01	-1.244580e+00	-4.766403e-01	8.246657e-01	4.416733e-01	1.045502e+00	-6.038291e-01
43            	-1.087014e+01	-5.847947e+00	-5.022191e+00	-2.025315e+00	-2.301244e+00	2.759287e-01	-1.288586e+00	-4.128784e-01	5.948478e-01	5.182470e-01	8.539713e-01	-3.357243e-01
44            	-9.910200e+00	-5.449729e+00	-4.460472e+00	7.195903e-01	-2.027299e+00	2.746890e+00	-2.387094e+00	-4.946283e-01	6.470125e-01	6.450168e-01	9.695209e-01	-3.245041e-01
45            	-9.011675e+00	-5.066870e+00	-3.944805e+00	3.079057e+00	-1.995782e+00	5.074839e+00	-3.535311e+00	-5.610321e-01	7.009341e-01	7.591322e-01	1.080500e+00	-3.213680e-01
46            	-7.865390e+00	-4.520711e+00	-3.344679e+00	4.401787e+00	-1.987241e+00	6.389028e+00	-4.188135e+00	-5.880158e-01	6.994270e-01	9.341421e-01	1.166498e+00	-2.323559e-01
47            	-6.593115e+00	-3.855941e+00	-2.737173e+00	4.462862e+00	-1.847763e+00	6.310625e+00	-4.079194e+00	-5.593839e-01	6.341107e-01	9.997524e-01	1.133987e+00	-1.342345e-01
48            	-5.568168e+00	-3.267721e+00	-2.300448e+00	3.620639e+00	-1.549278e+00	5.169917e+00	-3.359597e+00	-4.836366e-01	5.446032e-01	8.243751e-01	9.567907e-01	-1.324156e-01
49            	-4.800055e+00	-2.777617e+00	-2.022438e+00	2.520806e+00	-1.132621e+00	3.653427e+00	-2.393024e+00	-3.775898e-01	4.475978e-01	4.499857e-01	6.725907e-01	-2.226050e-01
50            	-3.874550e+00	-2.183206e+00	-1.691344e+00	1.580405e+00	-6.396871e-01	2.220092e+00	-1.429890e+00	-2.459313e-01	3.085345e-01	-8.902113e-03	3.040835e-01	-3.129856e-01
51            	-2.895396e+00	-1.603122e+00	-1.292274e+00	1.380746e+00	-3.089992e-01	1.689745e+00	-9.993720e-01	-1.554240e-01	1.778758e-01	-2.448950e-01	5.542831e-02	-3.003233e-01
52            	-2.176016e+00	-1.192014e+00	-9.840020e-01	1.686702e+00	-1.912765e-01	1.877978e+00	-1.034627e+00	-1.040062e-01	5.471300e-02	-2.847355e-01	-8.765476e-02	-1.970808e-01
53            	-1.682436e+00	-8.906159e-01	-7.918202e-01	1.922864e+00	-1.414149e-01	2.064279e+00	-1.102847e+00	-4.939784e-02	-8.168509e-02	-3.208917e-01	-2.421310e-01	-7.876078e-02
54            	-1.295727e+00	-6.253640e-01	-6.703626e-01	1.903215e+00	-6.802781e-02	1.971243e+00	-1.019635e+00	2.249932e-02	-2.221483e-01	-4.183366e-01	-4.313166e-01	1.298002e-02
55            	-1.029410e+00	-4.141849e-01	-6.152252e-01	1.598681e+00	4.380973e-02	1.554872e+00	-7.555310e-01	1.005202e-01	-3.317052e-01	-5.590556e-01	-6.112330e-01	5.217737e-02
56            	-8.730172e-01	-2.662538e-01	-6.067633e-01	1.027762e+00	1.775500e-01	8.502122e-01	-3.363311e-01	1.702548e-01	-3.934157e-01	-7.074452e-01	-7.471384e-01	3.969310e-02
57            	-7.950029e-01	-1.953436e-01	-5.996593e-01	2.687253e-01	2.973592e-01	-2.863382e-02	1.629965e-01	2.021578e-01	-3.774794e-01	-7.772625e-01	-7.661107e-01	-1.115181e-02
58            	-7.682212e-01	-2.185317e-01	-5.496895e-01	-1.409924e-01	3.400705e-01	-4.810629e-01	4.105667e-01	1.655789e-01	-2.738850e-01	-6.656302e-01	-6.067001e-01	-5.893006e-02
59            	-7.420434e-01	-2.530867e-01	-4.889567e-01	-1.427202e-01	3.361946e-01	-4.789148e-01	4.075547e-01	1.179350e-01	-1.885534e-01	-5.168790e-01	-4.469929e-01	-6.988609e-02
60            	-7.084657e-01	-2.757015e-01	-4.327642e-01	-4.149959e-02	3.303509e-01	-3.718505e-01	3.511007e-01	7.853139e-02	-1.224792e-01	-3.797221e-01	-3.123402e-01	-6.738188e-02
61            	-6.920175e-01	-3.090965e-01	-3.829210e-01	6.132505e-02	3.287677e-01	-2.674427e-01	2.981052e-01	3.691222e-02	-3.884580e-02	-2.265129e-01	-1.521022e-01	-7.441064e-02
62            	-7.163726e-01	-3.741426e-01	-3.422299e-01	1.206027e-01	3.261591e-01	-2.055564e-01	2.658577e-01	-1.595636e-02	8.453777e-02	-4.205913e-02	6.350821e-02	-1.055673e-01
63            	-7.731636e-01	-4.758867e-01	-2.972769e-01	1.195231e-01	3.139064e-01	-1.943832e-01	2.541448e-01	-8.930494e-02	2.610759e-01	1.908000e-01	3.564759e-01	-1.656759e-01
64            	-8.161904e-01	-5.826160e-01	-2.335744e-01	7.772094e-02	2.842163e-01	-2.064953e-01	2.453558e-01	-1.745208e-01	4.652343e-01	4.413849e-01	6.859268e-01	-2.445418e-01
65            	-7.974540e-01	-6.079595e-01	-1.894945e-01	1.010784e-01	2.460765e-01	-1.449981e-01	1.955373e-01	-2.092325e-01	5.562594e-01	5.297683e-01	8.211435e-01	-2.913753e-01
66            	-7.553563e-01	-5.714989e-01	-1.838575e-01	1.803370e-01	2.164042e-01	-3.606721e-02	1.262357e-01	-1.938207e-01	5.331925e-01	4.734808e-01	7.699329e-01	-2.964521e-01
67            	-6.970568e-01	-5.039134e-01	-1.931435e-01	2.820770e-01	1.878615e-01	9.421551e-02	4.682300e-02	-1.553849e-01	4.634748e-01	3.567456e-01	6.418476e-01	-2.851020e-01
68            	-6.273777e-01	-4.086793e-01	-2.186984e-01	3.891173e-01	1.563521e-01	2.327651e-01	-3.820650e-02	-9.499042e-02	3.530390e-01	1.846850e-01	4.453815e-01	-2.606964e-01
69            	-5.607388e-01	-2.988291e-01	-2.619098e-01	4.430608e-01	1.273294e-01	3.157314e-01	-9.420098e-02	-1.845964e-02	2.097602e-01	-2.547478e-02	1.970228e-01	-2.224975e-01
70            	-4.980973e-01	-1.805214e-01	-3.175759e-01	3.860530e-01	1.108855e-01	2.751674e-01	-8.214095e-02	6.852726e-02	3.844925e-02	-2.598635e-01	-9.148247e-02	-1.683810e-01
71            	-4.115263e-01	-3.519877e-02	-3.763275e-01	1.864886e-01	1.191163e-01	6.737229e-02	2.587202e-02	1.705644e-01	-1.751438e-01	-5.358693e-01	-4.430785e-01	-9.279083e-02
72            	-2.706562e-01	1.417506e-01	-4.124068e-01	-1.120694e-01	1.608864e-01	-2.729558e-01	2.169211e-01	2.770787e-01	-4.097104e-01	-8.286332e-01	-8.240270e-01	-4.606143e-03
73            	-1.194729e-01	2.883750e-01	-4.078479e-01	-3.239705e-01	2.125537e-01	-5.365242e-01	3.745389e-01	3.481114e-01	-5.756600e-01	-1.026194e+00	-1.088757e+00	6.256314e-02
74            	1.180413e-02	3.943374e-01	-3.825332e-01	-4.063205e-01	2.563472e-01	-6.626676e-01	4.595074e-01	3.884353e-01	-6.761140e-01	-1.139407e+00	-1.245817e+00	1.064105e-01
75            	1.628630e-01	5.023188e-01	-3.394557e-01	-4.459310e-01	3.057168e-01	-7.516478e-01	5.286823e-01	4.208872e-01	-7.599815e-01	-1.227988e+00	-1.373976e+00	1.459875e-01
76            	3.485757e-01	6.168688e-01	-2.682931e-01	-4.887466e-01	3.677515e-01	-8.564982e-01	6.121248e-01	4.425809e-01	-8.228998e-01	-1.279398e+00	-1.462599e+00	1.832010e-01
77            	5.448173e-01	7.103166e-01	-1.654993e-01	-5.383438e-01	4.343914e-01	-9.727353e-01	7.035634e-01	4.379079e-01	-8.309213e-01	-1.248766e+00	-1.455305e+00	2.065382e-01
78            	7.212688e-01	7.567487e-01	-3.547987e-02	-5.734820e-01	4.921742e-01	-1.065656e+00	7.789152e-01	3.961143e-01	-7.594872e-01	-1.107972e+00	-1.313473e+00	2.055011e-01
79            	8.498517e-01	7.480958e-01	1.017559e-01	-5.638756e-01	5.257933e-01	-1.089669e+00	8.077311e-01	3.231699e-01	-6.187509e-01	-8.789474e-01	-1.058225e+00	1.792772e-01
80            	9.149999e-01	7.118532e-01	2.031467e-01	-4.996742e-01	5.282553e-01	-1.027929e+00	7.780923e-01	2.543532e-01	-4.809200e-01	-6.695462e-01	-8.156931e-01	1.461469e-01
81            	9.513121e-01	6.914798e-01	2.598324e-01	-4.148046e-01	5.177403e-01	-9.325449e-01	7.251426e-01	2.158237e-01	-4.031193e-01	-5.544890e-01	-6.803638e-01	1.258748e-01
82            	9.967194e-01	6.951232e-01	3.015962e-01	-3.444183e-01	5.128394e-01	-8.572576e-01	6.850485e-01	1.967635e-01	-3.662057e-01	-4.962480e-01	-6.143297e-01	1.180817e-01
83            	1.057314e+00	7.083716e-01	3.489422e-01	-2.951700e-01	5.163175e-01	-8.114874e-01	6.639024e-01	1.797147e-01	-3.349641e-01	-4.413212e-01	-5.556246e-01	1.143035e-01
84            	1.113670e+00	7.148810e-01	3.987887e-01	-2.643883e-01	5.218418e-01	-7.862301e-01	6.540360e-01	1.580461e-01	-2.948171e-01	-3.716180e-01	-4.806261e-01	1.090081e-01
85            	1.142711e+00	7.069283e-01	4.357830e-01	-2.464437e-01	5.213858e-01	-7.678295e-01	6.446077e-01	1.355726e-01	-2.524013e-01	-3.012420e-01	-4.030223e-01	1.017803e-01
86            	1.141844e+00	6.904669e-01	4.513771e-01	-2.347281e-01	5.126708e-01	-7.473989e-01	6.300348e-01	1.195449e-01	-2.226503e-01	-2.532576e-01	-3.492791e-01	9.602149e-02
87            	1.131249e+00	6.778599e-01	4.533888e-01	-2.250623e-01	5.013594e-01	-7.264217e-01	6.138906e-01	1.122356e-01	-2.112113e-01	-2.335486e-01	-3.279856e-01	9.443700e-02
88            	1.131186e+00	6.740352e-01	4.571504e-01	-2.160563e-01	4.942313e-01	-7.102876e-01	6.022594e-01	1.084424e-01	-2.079672e-01	-2.245194e-01	-3.202270e-01	9.570751e-02
89            	1.141739e+00	6.730092e-01	4.687297e-01	-2.083451e-01	4.914531e-01	-6.997981e-01	5.956256e-01	1.021398e-01	-2.002440e-01	-2.073821e-01	-3.039350e-01	9.655290e-02
90            	1.150650e+00	6.672402e-01	4.834102e-01	-2.018801e-01	4.888395e-01	-6.907196e-01	5.897796e-01	9.191496e-02	-1.845197e-01	-1.786285e-01	-2.738339e-01	9.520548e-02
91            	1.148928e+00	6.547769e-01	4.941507e-01	-1.958511e-01	4.833120e-01	-6.791632e-01	5.812376e-01	8.031308e-02	-1.655949e-01	-1.468860e-01	-2.390379e-01	9.215193e-02
92            	1.138332e+00	6.397207e-01	4.986109e-01	-1.889287e-01	4.751116e-01	-6.640403e-01	5.695760e-01	7.055493e-02	-1.501170e-01	-1.221424e-01	-2.111882e-01	8.904575e-02
93            	1.126964e+00	6.271473e-01	4.998164e-01	-1.808322e-01	4.665869e-01	-6.474191e-01	5.570030e-01	6.366547e-02	-1.404121e-01	-1.069605e-01	-1.938924e-01	8.693188e-02
94            	1.120120e+00	6.184700e-01	5.016499e-01	-1.725499e-01	4.595800e-01	-6.321299e-01	5.458549e-01	5.841006e-02	-1.340239e-01	-9.684789e-02	-1.824478e-01	8.559993e-02
95            	1.116503e+00	6.113538e-01	5.051493e-01	-1.653295e-01	4.539979e-01	-6.193274e-01	5.366626e-01	5.310223e-02	-1.274065e-01	-8.636614e-02	-1.705896e-01	8.422342e-02
96            	1.111501e+00	6.028625e-01	5.086390e-01	-1.596036e-01	4.485124e-01	-6.081160e-01	5.283142e-01	4.711177e-02	-1.191324e-01	-7.367245e-02	-1.559686e-01	8.229617e-02
97            	1.102101e+00	5.920099e-01	5.100908e-01	-1.547564e-01	4.421325e-01	-5.968889e-01	5.195107e-01	4.095953e-02	-1.101585e-01	-6.043496e-02	-1.403759e-01	7.994099e-02
98            	1.089330e+00	5.800826e-01	5.092473e-01	-1.499649e-01	4.350405e-01	-5.850054e-01	5.100230e-01	3.541762e-02	-1.019676e-01	-4.893459e-02	-1.264349e-01	7.750027e-02
99            	1.076252e+00	5.688717e-01	5.073806e-01	-1.449291e-01	4.280803e-01	-5.730094e-01	5.005449e-01	3.074551e-02	-9.507018e-02	-3.978341e-02	-1.149619e-01	7.517848e-02
100           	1.065041e+00	5.592401e-01	5.058010e-01	-1.399673e-01	4.218603e-01	-5.618276e-01	4.918440e-01	2.671955e-02	-8.900992e-02	-3.215869e-02	-1.050893e-01	7.293057e-02
101           	1.055650e+00	5.507676e-01	5.048829e-01	-1.355258e-01	4.163162e-01	-5.518420e-01	4.840791e-01	2.294235e-02	-8.300936e-02	-2.484933e-02	-9.543402e-02	7.058469e-02
102           	1.046516e+00	5.424449e-01	5.040715e-01	-1.316922e-01	4.109148e-01	-5.426071e-01	4.767610e-01	1.918672e-02	-7.666576e-02	-1.725702e-02	-8.529426e-02	6.803725e-02
103           	1.036338e+00	5.336445e-01	5.026936e-01	-1.282037e-01	4.051960e-01	-5.333997e-01	4.692979e-01	1.547546e-02	-7.007349e-02	-9.578548e-03	-7.486276e-02	6.528422e-02
104           	1.025096e+00	5.245527e-01	5.005430e-01	-1.246478e-01	3.990763e-01	-5.237241e-01	4.614002e-01	1.200485e-02	-6.364817e-02	-2.479182e-03	-6.488776e-02	6.240858e-02
105           	1.013697e+00	5.157527e-01	4.979447e-01	-1.208059e-01	3.927837e-01	-5.135895e-01	4.531866e-01	8.904021e-03	-5.766387e-02	3.645796e-03	-5.584098e-02	5.948677e-02
106           	1.002905e+00	5.076135e-01	4.952915e-01	-1.167431e-01	3.865667e-01	-5.033098e-01	4.449383e-01	6.161001e-03	-5.211446e-02	8.864873e-03	-4.768202e-02	5.654689e-02
107           	9.927706e-01	5.000642e-01	4.927064e-01	-1.127861e-01	3.804545e-01	-4.932406e-01	4.368475e-01	3.678877e-03	-4.681552e-02	1.348717e-02	-4.007194e-02	5.355910e-02
108           	9.827044e-01	4.927279e-01	4.899765e-01	-1.092821e-01	3.742580e-01	-4.835401e-01	4.288990e-01	1.375738e-03	-4.160689e-02	1.773649e-02	-3.273864e-02	5.047513e-02
109           	9.722353e-01	4.853381e-01	4.868973e-01	-1.064056e-01	3.678566e-01	-4.742622e-01	4.210594e-01	-7.796177e-04	-3.645023e-02	2.170280e-02	-2.559883e-02	4.730163e-02
110           	9.613324e-01	4.778936e-01	4.834388e-01	-1.041449e-01	3.613111e-01	-4.654560e-01	4.133835e-01	-2.772580e-03	-3.142415e-02	2.535230e-02	-1.874801e-02	4.410030e-02
111           	9.503720e-01	4.706422e-01	4.797299e-01	-1.024550e-01	3.547922e-01	-4.572472e-01	4.060197e-01	-4.543853e-03	-2.669128e-02	2.850350e-02	-1.243953e-02	4.094303e-02
112           	9.395482e-01	4.636892e-01	4.758590e-01	-1.012825e-01	3.483875e-01	-4.496700e-01	3.990287e-01	-6.084914e-03	-2.228779e-02	3.109856e-02	-6.738512e-03	3.783707e-02
113           	9.287254e-01	4.569181e-01	4.718073e-01	-1.005140e-01	3.421148e-01	-4.426288e-01	3.923718e-01	-7.444611e-03	-1.812241e-02	3.324377e-02	-1.500523e-03	3.474429e-02
114           	9.177881e-01	4.502672e-01	4.675209e-01	-1.000999e-01	3.359985e-01	-4.360984e-01	3.860484e-01	-8.626858e-03	-1.420451e-02	3.493371e-02	3.262352e-03	3.167136e-02
115           	9.068023e-01	4.438141e-01	4.629882e-01	-1.000548e-01	3.300864e-01	-4.301411e-01	3.801138e-01	-9.587060e-03	-1.065646e-02	3.603320e-02	7.360133e-03	2.867306e-02
116           	8.957139e-01	4.375621e-01	4.581518e-01	-1.004275e-01	3.243585e-01	-4.247860e-01	3.745722e-01	-1.029482e-02	-7.564778e-03	3.643956e-02	1.065500e-02	2.578456e-02
117           	8.845291e-01	4.315147e-01	4.530143e-01	-1.012506e-01	3.187762e-01	-4.200269e-01	3.694016e-01	-1.074980e-02	-4.947056e-03	3.613246e-02	1.311918e-02	2.301329e-02
118           	8.733692e-01	4.257095e-01	4.476596e-01	-1.024983e-01	3.133621e-01	-4.158603e-01	3.646112e-01	-1.097505e-02	-2.781821e-03	3.517393e-02	1.480515e-02	2.036879e-02
119           	8.621823e-01	4.200908e-01	4.420915e-01	-1.040753e-01	3.081042e-01	-4.121795e-01	3.601419e-01	-1.100035e-02	-1.018626e-03	3.363702e-02	1.579988e-02	1.783713e-02
120           	8.503375e-01	4.143126e-01	4.360249e-01	-1.057112e-01	3.028294e-01	-4.085406e-01	3.556850e-01	-1.085615e-02	4.375412e-04	3.157395e-02	1.622452e-02	1.534943e-02
121           	8.373928e-01	4.081788e-01	4.292140e-01	-1.070689e-01	2.975612e-01	-4.046301e-01	3.510957e-01	-1.051761e-02	1.530109e-03	2.889248e-02	1.597635e-02	1.291613e-02
122           	8.248569e-01	4.025464e-01	4.223106e-01	-1.082334e-01	2.930904e-01	-4.013238e-01	3.472071e-01	-9.882093e-03	1.897856e-03	2.539605e-02	1.459588e-02	1.080017e-02
123           	8.176790e-01	3.995929e-01	4.180862e-01	-1.112746e-01	2.901532e-01	-4.014277e-01	3.457905e-01	-9.246638e-03	1.759935e-03	2.236445e-02	1.294216e-02	9.422288e-03
124           	8.081258e-01	3.956425e-01	4.124832e-01	-1.156658e-01	2.863192e-01	-4.019850e-01	3.441521e-01	-8.420366e-03	1.462623e-03	1.850324e-02	1.071425e-02	7.788999e-03
125           	7.932065e-01	3.892670e-01	4.039395e-01	-1.211667e-01	2.807199e-01	-4.018867e-01	3.413033e-01	-7.336222e-03	1.120607e-03	1.341374e-02	7.827478e-03	5.586265e-03
126           	7.776457e-01	3.825504e-01	3.950953e-01	-1.251816e-01	2.751942e-01	-4.003759e-01	3.377851e-01	-6.272468e-03	7.534297e-04	8.467071e-03	4.986965e-03	3.480106e-03
127           	7.659289e-01	3.776651e-01	3.882638e-01	-1.272492e-01	2.711007e-01	-3.983500e-01	3.347253e-01	-5.299309e-03	1.022554e-04	4.214167e-03	2.209339e-03	2.004828e-03
128           	7.565218e-01	3.739667e-01	3.825551e-01	-1.294062e-01	2.678113e-01	-3.972175e-01	3.325144e-01	-4.294174e-03	-9.189651e-04	1.535748e-04	-8.421777e-04	9.957525e-04
129           	7.461070e-01	3.700081e-01	3.760989e-01	-1.330485e-01	2.641500e-01	-3.971985e-01	3.306743e-01	-3.045423e-03	-2.376375e-03	-4.669212e-03	-4.710981e-03	4.176925e-05
130           	7.340460e-01	3.654678e-01	3.685782e-01	-1.381581e-01	2.598632e-01	-3.980213e-01	3.289423e-01	-1.555158e-03	-4.147922e-03	-1.033297e-02	-9.314408e-03	-1.018564e-03
131           	7.196500e-01	3.599989e-01	3.596511e-01	-1.440370e-01	2.547169e-01	-3.987539e-01	3.267354e-01	1.739065e-04	-6.223799e-03	-1.673973e-02	-1.459366e-02	-2.146068e-03
132           	7.047246e-01	3.542167e-01	3.505079e-01	-1.488735e-01	2.493479e-01	-3.982214e-01	3.237847e-01	1.854398e-03	-8.280675e-03	-2.272850e-02	-1.964492e-02	-3.083573e-03
133           	6.907634e-01	3.487410e-01	3.420224e-01	-1.515057e-01	2.443625e-01	-3.958683e-01	3.201154e-01	3.359293e-03	-1.025273e-02	-2.777243e-02	-2.413894e-02	-3.633485e-03
134           	6.785702e-01	3.440523e-01	3.345179e-01	-1.527575e-01	2.401160e-01	-3.928735e-01	3.164947e-01	4.767214e-03	-1.229586e-02	-3.220976e-02	-2.840074e-02	-3.809016e-03
135           	6.697455e-01	3.407881e-01	3.289574e-01	-1.550308e-01	2.368566e-01	-3.918874e-01	3.143720e-01	5.915324e-03	-1.403596e-02	-3.575862e-02	-3.191527e-02	-3.843345e-03
136           	6.579739e-01	3.365133e-01	3.214606e-01	-1.587612e-01	2.325276e-01	-3.912888e-01	3.119082e-01	7.526387e-03	-1.656598e-02	-4.063539e-02	-3.688368e-02	-3.751716e-03
137           	6.429262e-01	3.310053e-01	3.119209e-01	-1.633630e-01	2.270249e-01	-3.903878e-01	3.087063e-01	9.542167e-03	-1.975871e-02	-4.658682e-02	-4.305212e-02	-3.534699e-03
138           	6.269150e-01	3.249418e-01	3.019733e-01	-1.669241e-01	2.212227e-01	-3.881468e-01	3.046847e-01	1.148426e-02	-2.283411e-02	-5.209547e-02	-4.888185e-02	-3.213621e-03
139           	6.119008e-01	3.189950e-01	2.929058e-01	-1.677278e-01	2.159177e-01	-3.836455e-01	2.997816e-01	1.304457e-02	-2.533357e-02	-5.621793e-02	-5.344253e-02	-2.775400e-03
140           	5.992748e-01	3.138743e-01	2.854005e-01	-1.661115e-01	2.117151e-01	-3.778266e-01	2.947708e-01	1.423691e-02	-2.734229e-02	-5.905755e-02	-5.687107e-02	-2.186484e-03
141           	5.909599e-01	3.106165e-01	2.803435e-01	-1.659660e-01	2.086367e-01	-3.746028e-01	2.916197e-01	1.513650e-02	-2.896418e-02	-6.102631e-02	-5.947734e-02	-1.548975e-03
142           	5.794466e-01	3.062066e-01	2.732400e-01	-1.668558e-01	2.043565e-01	-3.712122e-01	2.877843e-01	1.648329e-02	-3.138150e-02	-6.405445e-02	-6.340873e-02	-6.457204e-04
143           	5.631956e-01	2.999707e-01	2.632249e-01	-1.681390e-01	1.983448e-01	-3.664838e-01	2.824143e-01	1.837290e-02	-3.467986e-02	-6.831665e-02	-6.883818e-02	5.215328e-04
144           	5.450114e-01	2.927518e-01	2.522596e-01	-1.677756e-01	1.917968e-01	-3.595725e-01	2.756846e-01	2.024610e-02	-3.784593e-02	-7.226359e-02	-7.397772e-02	1.714131e-03
145           	5.314110e-01	2.871062e-01	2.443048e-01	-1.648661e-01	1.868481e-01	-3.517142e-01	2.692812e-01	2.140073e-02	-3.975740e-02	-7.414073e-02	-7.682777e-02	2.687031e-03
146           	5.227792e-01	2.834230e-01	2.393562e-01	-1.617451e-01	1.833553e-01	-3.451004e-01	2.642278e-01	2.203337e-02	-4.085826e-02	-7.452489e-02	-7.812070e-02	3.595809e-03
147           	5.145528e-01	2.799728e-01	2.345800e-01	-1.600492e-01	1.798023e-01	-3.398515e-01	2.598269e-01	2.269642e-02	-4.208715e-02	-7.482804e-02	-7.950117e-02	4.673127e-03
148           	5.014883e-01	2.745359e-01	2.269525e-01	-1.581875e-01	1.743355e-01	-3.325230e-01	2.534293e-01	2.379171e-02	-4.403631e-02	-7.574530e-02	-8.190896e-02	6.163658e-03
149           	4.849120e-01	2.674471e-01	2.174649e-01	-1.546140e-01	1.678868e-01	-3.225009e-01	2.451939e-01	2.499113e-02	-4.606528e-02	-7.643774e-02	-8.428415e-02	7.846416e-03
150           	4.735611e-01	2.623157e-01	2.112454e-01	-1.503062e-01	1.634864e-01	-3.137926e-01	2.386395e-01	2.553516e-02	-4.703528e-02	-7.521167e-02	-8.464112e-02	9.429449e-03
151           	4.673372e-01	2.591848e-01	2.081525e-01	-1.463183e-01	1.608323e-01	-3.071506e-01	2.339914e-01	2.551616e-02	-4.721012e-02	-7.251956e-02	-8.346990e-02	1.095034e-02
152           	4.617015e-01	2.562330e-01	2.054686e-01	-1.428312e-01	1.582841e-01	-3.011153e-01	2.296997e-01	2.538220e-02	-4.730360e-02	-6.965869e-02	-8.213295e-02	1.247425e-02
153           	4.536712e-01	2.520653e-01	2.016059e-01	-1.383527e-01	1.548279e-01	-2.931806e-01	2.240043e-01	2.522969e-02	-4.742206e-02	-6.650420e-02	-8.067417e-02	1.416996e-02
154           	4.445238e-01	2.472354e-01	1.972884e-01	-1.325846e-01	1.512110e-01	-2.837956e-01	2.175033e-01	2.497346e-02	-4.732870e-02	-6.300068e-02	-7.882904e-02	1.582836e-02
155           	4.377479e-01	2.434513e-01	1.942966e-01	-1.268349e-01	1.488290e-01	-2.756638e-01	2.122464e-01	2.457732e-02	-4.690312e-02	-5.965662e-02	-7.673143e-02	1.707481e-02
156           	4.336731e-01	2.409449e-01	1.927282e-01	-1.221020e-01	1.475481e-01	-2.696501e-01	2.085991e-01	2.410833e-02	-4.625339e-02	-5.699050e-02	-7.474864e-02	1.775815e-02
157           	4.299269e-01	2.385652e-01	1.913617e-01	-1.179988e-01	1.463253e-01	-2.643240e-01	2.053247e-01	2.360173e-02	-4.545250e-02	-5.498983e-02	-7.294741e-02	1.795758e-02
158           	4.247968e-01	2.353772e-01	1.894195e-01	-1.134726e-01	1.445307e-01	-2.580033e-01	2.012670e-01	2.297885e-02	-4.436245e-02	-5.325157e-02	-7.098824e-02	1.773667e-02
159           	4.185419e-01	2.314583e-01	1.870836e-01	-1.084887e-01	1.423465e-01	-2.508352e-01	1.965909e-01	2.218737e-02	-4.285900e-02	-5.164502e-02	-6.868151e-02	1.703649e-02
160           	4.125040e-01	2.274975e-01	1.850065e-01	-1.037067e-01	1.403234e-01	-2.440300e-01	1.921767e-01	2.124550e-02	-4.096765e-02	-5.026792e-02	-6.610161e-02	1.583369e-02
161           	4.076188e-01	2.240734e-01	1.835454e-01	-9.974038e-02	1.386956e-01	-2.384360e-01	1.885658e-01	2.026396e-02	-3.889631e-02	-4.939617e-02	-6.359439e-02	1.419822e-02
162           	4.034636e-01	2.210100e-01	1.824537e-01	-9.650207e-02	1.371855e-01	-2.336876e-01	1.854365e-01	1.927814e-02	-3.667719e-02	-4.899403e-02	-6.117420e-02	1.218018e-02
163           	3.991658e-01	2.177921e-01	1.813737e-01	-9.350679e-02	1.354646e-01	-2.289714e-01	1.822180e-01	1.820923e-02	-3.410389e-02	-4.873519e-02	-5.847149e-02	9.736297e-03
164           	3.944295e-01	2.142688e-01	1.801607e-01	-9.047673e-02	1.335039e-01	-2.239807e-01	1.787423e-01	1.705402e-02	-3.116368e-02	-4.848436e-02	-5.540587e-02	6.921500e-03
165           	3.896133e-01	2.107390e-01	1.788743e-01	-8.754001e-02	1.314889e-01	-2.190289e-01	1.752589e-01	1.593231e-02	-2.817303e-02	-4.838156e-02	-5.236381e-02	3.982255e-03
166           	3.851202e-01	2.074573e-01	1.776629e-01	-8.475139e-02	1.295505e-01	-2.143019e-01	1.719262e-01	1.489723e-02	-2.532940e-02	-4.847132e-02	-4.956506e-02	1.093744e-03
167           	3.810024e-01	2.043784e-01	1.766240e-01	-8.191166e-02	1.276647e-01	-2.095764e-01	1.686206e-01	1.387718e-02	-2.254821e-02	-4.852869e-02	-4.681256e-02	-1.716132e-03
168           	3.770668e-01	2.013392e-01	1.757276e-01	-7.867566e-02	1.257576e-01	-2.044332e-01	1.650954e-01	1.280581e-02	-1.971244e-02	-4.837119e-02	-4.389803e-02	-4.473158e-03
169           	3.731341e-01	1.983091e-01	1.748249e-01	-7.494942e-02	1.238233e-01	-1.987728e-01	1.612981e-01	1.174211e-02	-1.694318e-02	-4.815894e-02	-4.102265e-02	-7.136293e-03
170           	3.691586e-01	1.953850e-01	1.737735e-01	-7.097701e-02	1.218992e-01	-1.928762e-01	1.573877e-01	1.080576e-02	-1.450335e-02	-4.810975e-02	-3.855823e-02	-9.551524e-03
171           	3.651076e-01	1.925915e-01	1.725161e-01	-6.694532e-02	1.200082e-01	-1.869535e-01	1.534809e-01	1.003768e-02	-1.250069e-02	-4.823104e-02	-3.661621e-02	-1.161484e-02
172           	3.610165e-01	1.899128e-01	1.711037e-01	-6.287711e-02	1.181607e-01	-1.810378e-01	1.495992e-01	9.404532e-03	-1.088988e-02	-4.828648e-02	-3.503312e-02	-1.325336e-02
173           	3.569864e-01	1.873447e-01	1.696416e-01	-5.862842e-02	1.163898e-01	-1.750182e-01	1.457040e-01	8.851550e-03	-9.581683e-03	-4.801661e-02	-3.358999e-02	-1.442662e-02
174           	3.530738e-01	1.848880e-01	1.681858e-01	-5.396452e-02	1.147298e-01	-1.686943e-01	1.417121e-01	8.351082e-03	-8.538088e-03	-4.726833e-02	-3.217225e-02	-1.509608e-02
175           	3.495522e-01	1.827000e-01	1.668522e-01	-4.895145e-02	1.132748e-01	-1.622262e-01	1.377505e-01	7.923929e-03	-7.816335e-03	-4.590280e-02	-3.076774e-02	-1.513507e-02
176           	3.467608e-01	1.810438e-01	1.657170e-01	-4.434122e-02	1.121566e-01	-1.564978e-01	1.343272e-01	7.663376e-03	-7.573680e-03	-4.404552e-02	-2.959644e-02	-1.444908e-02
177           	3.449154e-01	1.800644e-01	1.648510e-01	-4.083808e-02	1.114044e-01	-1.522425e-01	1.318235e-01	7.606658e-03	-7.897976e-03	-4.185273e-02	-2.882434e-02	-1.302839e-02
178           	3.438900e-01	1.796462e-01	1.642438e-01	-3.851962e-02	1.108854e-01	-1.494050e-01	1.301452e-01	7.701239e-03	-8.745957e-03	-3.934823e-02	-2.842007e-02	-1.092816e-02
179           	3.433531e-01	1.795354e-01	1.638177e-01	-3.699573e-02	1.104314e-01	-1.474271e-01	1.289293e-01	7.858877e-03	-1.003206e-02	-3.635500e-02	-2.820956e-02	-8.145437e-03
180           	3.429560e-01	1.795234e-01	1.634326e-01	-3.580921e-02	1.099677e-01	-1.457769e-01	1.278723e-01	8.045383e-03	-1.170681e-02	-3.273868e-02	-2.807616e-02	-4.662527e-03
181           	3.424378e-01	1.794802e-01	1.629577e-01	-3.483868e-02	1.094783e-01	-1.443170e-01	1.268977e-01	8.261253e-03	-1.369585e-02	-2.850923e-02	-2.795046e-02	-5.587687e-04
182           	3.414842e-01	1.792579e-01	1.622262e-01	-3.420730e-02	1.089504e-01	-1.431577e-01	1.260541e-01	8.515856e-03	-1.585546e-02	-2.397504e-02	-2.784298e-02	3.867939e-03
183           	3.397175e-01	1.786597e-01	1.610578e-01	-3.375440e-02	1.083216e-01	-1.420760e-01	1.251988e-01	8.800927e-03	-1.803227e-02	-1.952770e-02	-2.779612e-02	8.268420e-03
184           	3.369800e-01	1.775441e-01	1.594359e-01	-3.301850e-02	1.075140e-01	-1.405325e-01	1.240233e-01	9.054140e-03	-2.005361e-02	-1.541148e-02	-2.775935e-02	1.234788e-02
185           	3.334342e-01	1.759609e-01	1.574732e-01	-3.181656e-02	1.065017e-01	-1.383182e-01	1.224100e-01	9.243865e-03	-2.180166e-02	-1.187185e-02	-2.773758e-02	1.586573e-02
186           	3.293979e-01	1.740418e-01	1.553561e-01	-3.061282e-02	1.053540e-01	-1.359668e-01	1.206604e-01	9.342853e-03	-2.317131e-02	-8.938175e-03	-2.764040e-02	1.870223e-02
187           	3.250790e-01	1.718397e-01	1.532393e-01	-2.963525e-02	1.041167e-01	-1.337520e-01	1.189343e-01	9.300219e-03	-2.403652e-02	-6.439390e-03	-2.725622e-02	2.081683e-02
188           	3.207865e-01	1.694708e-01	1.513157e-01	-2.877549e-02	1.028942e-01	-1.316697e-01	1.172819e-01	9.077585e-03	-2.430352e-02	-4.259960e-03	-2.643350e-02	2.217354e-02
189           	3.170071e-01	1.671393e-01	1.498678e-01	-2.793554e-02	1.018982e-01	-1.298338e-01	1.158660e-01	8.635744e-03	-2.387646e-02	-2.376008e-03	-2.506446e-02	2.268846e-02
190           	3.141545e-01	1.650304e-01	1.491241e-01	-2.738185e-02	1.012962e-01	-1.286780e-01	1.149871e-01	7.953105e-03	-2.271386e-02	-8.977192e-04	-2.316272e-02	2.226500e-02
191           	3.125048e-01	1.633232e-01	1.491816e-01	-2.770482e-02	1.010982e-01	-1.288030e-01	1.149506e-01	7.070794e-03	-2.090695e-02	-6.226161e-05	-2.093808e-02	2.087582e-02
192           	3.119989e-01	1.620303e-01	1.499686e-01	-2.915668e-02	1.012065e-01	-1.303632e-01	1.157848e-01	6.030866e-03	-1.857562e-02	9.704043e-05	-1.852710e-02	1.862414e-02
193           	3.122537e-01	1.609557e-01	1.512980e-01	-3.180433e-02	1.015029e-01	-1.333073e-01	1.174051e-01	4.828879e-03	-1.578798e-02	-1.332220e-04	-1.585459e-02	1.572137e-02
194           	3.127259e-01	1.598438e-01	1.528821e-01	-3.536473e-02	1.018910e-01	-1.372557e-01	1.195733e-01	3.480840e-03	-1.265833e-02	-4.720578e-04	-1.289436e-02	1.242230e-02
195           	3.129459e-01	1.585810e-01	1.543649e-01	-3.900668e-02	1.022523e-01	-1.412590e-01	1.217556e-01	2.108053e-03	-9.442481e-03	-1.023510e-03	-9.954236e-03	8.930726e-03
196           	3.126484e-01	1.571897e-01	1.554587e-01	-4.199285e-02	1.024672e-01	-1.444601e-01	1.234637e-01	8.655312e-04	-6.404220e-03	-2.187722e-03	-7.498081e-03	5.310359e-03
197           	3.117819e-01	1.557195e-01	1.560624e-01	-4.406072e-02	1.025470e-01	-1.466077e-01	1.245773e-01	-1.714300e-04	-3.617098e-03	-4.199018e-03	-5.716607e-03	1.517589e-03
198           	3.104055e-01	1.541792e-01	1.562263e-01	-4.535023e-02	1.025241e-01	-1.478743e-01	1.251992e-01	-1.023577e-03	-9.905516e-04	-6.976839e-03	-4.478971e-03	-2.497868e-03
199           	3.086502e-01	1.526024e-01	1.560478e-01	-4.593091e-02	1.023479e-01	-1.482788e-01	1.253133e-01	-1.722718e-03	1.550825e-03	-1.027434e-02	-3.586346e-03	-6.687996e-03
200           	3.065517e-01	1.510747e-01	1.554770e-01	-4.554345e-02	1.018933e-01	-1.474368e-01	1.246650e-01	-2.201130e-03	3.884383e-03	-1.404100e-02	-3.136118e-03	-1.090488e-02
201           	3.040868e-01	1.496646e-01	1.544222e-01	-4.377031e-02	1.010987e-01	-1.448690e-01	1.229838e-01	-2.378793e-03	5.817778e-03	-1.829841e-02	-3.331428e-03	-1.496698e-02
202           	3.014317e-01	1.484348e-01	1.529969e-01	-4.027429e-02	1.000271e-01	-1.403014e-01	1.201642e-01	-2.281059e-03	7.291544e-03	-2.277384e-02	-4.095377e-03	-1.867847e-02
203           	2.987702e-01	1.473154e-01	1.514548e-01	-3.521164e-02	9.883795e-02	-1.340496e-01	1.164438e-01	-2.069700e-03	8.470210e-03	-2.672425e-02	-4.891917e-03	-2.183234e-02
204           	2.960661e-01	1.461534e-01	1.499127e-01	-2.942993e-02	9.770254e-02	-1.271325e-01	1.124175e-01	-1.879647e-03	9.543241e-03	-2.952300e-02	-5.218258e-03	-2.430474e-02
205           	2.934439e-01	1.449965e-01	1.484474e-01	-2.370317e-02	9.677878e-02	-1.204820e-01	1.086304e-01	-1.725443e-03	1.059176e-02	-3.110962e-02	-4.963047e-03	-2.614657e-02
206           	2.913600e-01	1.441818e-01	1.471783e-01	-1.855898e-02	9.617761e-02	-1.147366e-01	1.054571e-01	-1.498255e-03	1.146533e-02	-3.179614e-02	-4.432743e-03	-2.736340e-02
207           	2.905181e-01	1.441812e-01	1.463369e-01	-1.465626e-02	9.599018e-02	-1.106464e-01	1.033183e-01	-1.077874e-03	1.191579e-02	-3.187637e-02	-4.022395e-03	-2.785398e-02
208           	2.910319e-01	1.451535e-01	1.458784e-01	-1.296793e-02	9.622080e-02	-1.091887e-01	1.027048e-01	-3.624723e-04	1.162622e-02	-3.164643e-02	-4.196993e-03	-2.744944e-02
209           	2.924976e-01	1.468572e-01	1.456404e-01	-1.387243e-02	9.679221e-02	-1.106646e-01	1.037284e-01	6.084281e-04	1.042536e-02	-3.091150e-02	-5.030389e-03	-2.588111e-02
210           	2.946678e-01	1.490296e-01	1.456382e-01	-1.684031e-02	9.761196e-02	-1.144523e-01	1.060321e-01	1.695683e-03	8.382400e-03	-2.919154e-02	-6.213370e-03	-2.297817e-02
211           	2.973204e-01	1.515085e-01	1.458119e-01	-2.076771e-02	9.856796e-02	-1.193357e-01	1.089518e-01	2.848271e-03	5.605834e-03	-2.650335e-02	-7.645839e-03	-1.885751e-02
212           	2.999874e-01	1.540698e-01	1.459176e-01	-2.479054e-02	9.954599e-02	-1.243365e-01	1.119413e-01	4.076087e-03	2.245273e-03	-2.323853e-02	-9.373989e-03	-1.386454e-02
213           	3.021414e-01	1.564058e-01	1.457356e-01	-2.790737e-02	1.003960e-01	-1.283034e-01	1.143497e-01	5.335107e-03	-1.494537e-03	-1.959926e-02	-1.129417e-02	-8.305092e-03
214           	3.035418e-01	1.583057e-01	1.452362e-01	-2.944642e-02	1.010394e-01	-1.304858e-01	1.157626e-01	6.534739e-03	-5.452285e-03	-1.566051e-02	-1.328254e-02	-2.377968e-03
215           	3.042107e-01	1.597445e-01	1.444663e-01	-2.931169e-02	1.014787e-01	-1.307904e-01	1.161345e-01	7.639099e-03	-9.598381e-03	-1.181315e-02	-1.550496e-02	3.691804e-03
216           	3.041355e-01	1.607521e-01	1.433835e-01	-2.754738e-02	1.017325e-01	-1.292799e-01	1.155062e-01	8.684295e-03	-1.401653e-02	-8.574361e-03	-1.830372e-02	9.729354e-03
217           	3.032476e-01	1.613358e-01	1.419118e-01	-2.442832e-02	1.018480e-01	-1.262763e-01	1.140621e-01	9.712002e-03	-1.858184e-02	-6.383539e-03	-2.177361e-02	1.539007e-02
218           	3.015649e-01	1.614594e-01	1.401055e-01	-2.079354e-02	1.018891e-01	-1.226826e-01	1.122859e-01	1.067698e-02	-2.285880e-02	-5.243174e-03	-2.548038e-02	2.023721e-02
219           	2.986529e-01	1.607543e-01	1.378986e-01	-1.712013e-02	1.017005e-01	-1.188206e-01	1.102606e-01	1.142783e-02	-2.640103e-02	-4.396780e-03	-2.859942e-02	2.420264e-02
220           	2.945208e-01	1.591853e-01	1.353355e-01	-1.348932e-02	1.011451e-01	-1.146345e-01	1.078898e-01	1.192493e-02	-2.898443e-02	-3.613885e-03	-3.079137e-02	2.717749e-02
221           	2.903786e-01	1.573053e-01	1.330733e-01	-1.018129e-02	1.004402e-01	-1.106214e-01	1.055308e-01	1.211602e-02	-3.047443e-02	-2.979854e-03	-3.196436e-02	2.898451e-02
222           	2.873129e-01	1.556622e-01	1.316507e-01	-7.686945e-03	9.993208e-02	-1.076190e-01	1.037756e-01	1.200575e-02	-3.092418e-02	-2.726292e-03	-3.228732e-02	2.956103e-02
223           	2.857729e-01	1.544189e-01	1.313540e-01	-6.433123e-03	9.975682e-02	-1.061899e-01	1.029734e-01	1.153247e-02	-3.029086e-02	-2.940977e-03	-3.176135e-02	2.882038e-02
224           	2.857850e-01	1.535150e-01	1.322699e-01	-6.614105e-03	9.991309e-02	-1.065272e-01	1.032201e-01	1.062256e-02	-2.839087e-02	-3.472099e-03	-3.012692e-02	2.665482e-02
225           	2.871743e-01	1.528158e-01	1.343585e-01	-8.214576e-03	1.002894e-01	-1.085040e-01	1.043967e-01	9.228649e-03	-2.507631e-02	-4.054440e-03	-2.710353e-02	2.304909e-02
226           	2.895602e-01	1.522934e-01	1.372668e-01	-1.154583e-02	1.008644e-01	-1.124102e-01	1.066373e-01	7.513285e-03	-2.069494e-02	-4.983232e-03	-2.318656e-02	1.820332e-02
227           	2.925242e-01	1.519802e-01	1.405439e-01	-1.665731e-02	1.016537e-01	-1.183110e-01	1.099823e-01	5.718142e-03	-1.589710e-02	-6.687109e-03	-1.924066e-02	1.255355e-02
228           	2.956688e-01	1.518690e-01	1.437998e-01	-2.285372e-02	1.025991e-01	-1.254528e-01	1.140259e-01	4.034569e-03	-1.125899e-02	-9.292954e-03	-1.590546e-02	6.612509e-03
229           	2.983518e-01	1.516285e-01	1.467234e-01	-2.882200e-02	1.035012e-01	-1.323232e-01	1.179122e-01	2.452548e-03	-6.885997e-03	-1.219957e-02	-1.298578e-02	7.862129e-04
230           	2.999400e-01	1.508191e-01	1.491210e-01	-3.341594e-02	1.041096e-01	-1.375255e-01	1.208176e-01	8.490385e-04	-2.490147e-03	-1.469696e-02	-9.838629e-03	-4.858334e-03
231           	3.002299e-01	1.493040e-01	1.509259e-01	-3.570224e-02	1.042715e-01	-1.399738e-01	1.221226e-01	-8.109785e-04	2.108312e-03	-1.637041e-02	-6.076896e-03	-1.029352e-02
232           	2.993453e-01	1.472862e-01	1.520590e-01	-3.546464e-02	1.039457e-01	-1.394103e-01	1.216780e-01	-2.386414e-03	6.709164e-03	-1.748250e-02	-2.032085e-03	-1.545041e-02
233           	2.973400e-01	1.450160e-01	1.523240e-01	-3.297174e-02	1.031248e-01	-1.360965e-01	1.196107e-01	-3.653986e-03	1.088191e-02	-1.875233e-02	1.505742e-03	-2.025807e-02
234           	2.941189e-01	1.425612e-01	1.515578e-01	-2.851358e-02	1.018156e-01	-1.303291e-01	1.160724e-01	-4.498295e-03	1.430771e-02	-2.067018e-02	3.972614e-03	-2.464280e-02
235           	2.898621e-01	1.399687e-01	1.498934e-01	-2.240912e-02	1.001566e-01	-1.225658e-01	1.113612e-01	-4.962390e-03	1.690534e-02	-2.303719e-02	5.386746e-03	-2.842394e-02
236           	2.849900e-01	1.374129e-01	1.475772e-01	-1.528208e-02	9.841169e-02	-1.136938e-01	1.060527e-01	-5.082158e-03	1.868094e-02	-2.552029e-02	5.920793e-03	-3.144109e-02
237           	2.801247e-01	1.350936e-01	1.450312e-01	-7.953468e-03	9.672245e-02	-1.046759e-01	1.006992e-01	-4.968802e-03	1.986301e-02	-2.753604e-02	6.094993e-03	-3.363104e-02
238           	2.763487e-01	1.334735e-01	1.428752e-01	-1.553212e-03	9.524604e-02	-9.679925e-02	9.602265e-02	-4.700870e-03	2.063738e-02	-2.849036e-02	6.392203e-03	-3.488257e-02
239           	2.742414e-01	1.328546e-01	1.413869e-01	2.455982e-03	9.411070e-02	-9.165471e-02	9.288271e-02	-4.266152e-03	2.090793e-02	-2.817003e-02	6.822912e-03	-3.499294e-02
240           	2.738414e-01	1.333654e-01	1.404760e-01	3.248233e-03	9.344055e-02	-9.019231e-02	9.181643e-02	-3.555306e-03	2.032349e-02	-2.690635e-02	6.870318e-03	-3.377667e-02
241           	2.747666e-01	1.348808e-01	1.398857e-01	9.980173e-04	9.324384e-02	-9.224582e-02	9.274483e-02	-2.502446e-03	1.854466e-02	-2.495523e-02	6.067046e-03	-3.102228e-02
242           	2.766281e-01	1.372969e-01	1.393313e-01	-3.233866e-03	9.343151e-02	-9.666537e-02	9.504844e-02	-1.017182e-03	1.526949e-02	-2.267867e-02	3.930159e-03	-2.660882e-02
243           	2.795236e-01	1.406348e-01	1.388888e-01	-8.569458e-03	9.399589e-02	-1.025654e-01	9.828062e-02	8.729767e-04	1.059543e-02	-2.048727e-02	3.517940e-04	-2.083906e-02
244           	2.833650e-01	1.446059e-01	1.387592e-01	-1.441790e-02	9.500075e-02	-1.094186e-01	1.022097e-01	2.923340e-03	5.171591e-03	-1.844116e-02	-4.048988e-03	-1.439217e-02
245           	2.874206e-01	1.485693e-01	1.388513e-01	-1.979698e-02	9.634974e-02	-1.161467e-01	1.062482e-01	4.859010e-03	-3.358751e-04	-1.634781e-02	-8.509778e-03	-7.838028e-03
246           	2.907353e-01	1.518963e-01	1.388390e-01	-2.374976e-02	9.776808e-02	-1.215178e-01	1.096430e-01	6.528620e-03	-5.709502e-03	-1.371545e-02	-1.256723e-02	-1.148224e-03
247           	2.930439e-01	1.543310e-01	1.387129e-01	-2.557692e-02	9.899010e-02	-1.245670e-01	1.117786e-01	7.809022e-03	-1.088733e-02	-1.000716e-02	-1.589091e-02	5.883749e-03
248           	2.946778e-01	1.560318e-01	1.386460e-01	-2.470949e-02	9.984115e-02	-1.245506e-01	1.121959e-01	8.692925e-03	-1.575873e-02	-5.556364e-03	-1.853691e-02	1.298055e-02
249           	2.957411e-01	1.570489e-01	1.386922e-01	-2.156217e-02	1.002713e-01	-1.218335e-01	1.110524e-01	9.178373e-03	-2.006775e-02	-8.345701e-04	-2.048504e-02	1.965046e-02
250           	2.958980e-01	1.571194e-01	1.387786e-01	-1.729236e-02	1.002999e-01	-1.175922e-01	1.089460e-01	9.170420e-03	-2.338843e-02	4.369725e-03	-2.120356e-02	2.557329e-02
251           	2.952277e-01	1.563039e-01	1.389238e-01	-1.329208e-02	1.000985e-01	-1.133906e-01	1.067446e-01	8.690033e-03	-2.552825e-02	1.017401e-02	-2.044125e-02	3.061526e-02
252           	2.935439e-01	1.546127e-01	1.389312e-01	-1.070476e-02	9.979770e-02	-1.105025e-01	1.051501e-01	7.840792e-03	-2.645233e-02	1.615030e-02	-1.837718e-02	3.452748e-02
253           	2.908516e-01	1.521184e-01	1.387332e-01	-9.709540e-03	9.946911e-02	-1.091786e-01	1.043239e-01	6.692588e-03	-2.610473e-02	2.183853e-02	-1.518546e-02	3.702400e-02
254           	2.875636e-01	1.490148e-01	1.385488e-01	-9.684852e-03	9.923021e-02	-1.089151e-01	1.040726e-01	5.232989e-03	-2.445268e-02	2.719642e-02	-1.085447e-02	3.805089e-02
255           	2.842545e-01	1.456201e-01	1.386344e-01	-1.026353e-02	9.922816e-02	-1.094917e-01	1.043599e-01	3.492843e-03	-2.164615e-02	3.223991e-02	-5.526196e-03	3.776611e-02
256           	2.814671e-01	1.422696e-01	1.391975e-01	-1.115484e-02	9.963673e-02	-1.107916e-01	1.052142e-01	1.536029e-03	-1.791775e-02	3.676686e-02	4.656730e-04	3.630118e-02
257           	2.800588e-01	1.395259e-01	1.405330e-01	-1.206316e-02	1.006098e-01	-1.126730e-01	1.066414e-01	-5.035539e-04	-1.365824e-02	4.048761e-02	6.585562e-03	3.390204e-02
258           	2.806983e-01	1.379214e-01	1.427768e-01	-1.344104e-02	1.021801e-01	-1.156212e-01	1.089007e-01	-2.427705e-03	-9.357613e-03	4.294140e-02	1.211309e-02	3.082831e-02
259           	2.834940e-01	1.376393e-01	1.458547e-01	-1.613497e-02	1.042863e-01	-1.204213e-01	1.123538e-01	-4.107696e-03	-5.346618e-03	4.380402e-02	1.655539e-02	2.724863e-02
260           	2.876083e-01	1.382873e-01	1.493210e-01	-2.018260e-02	1.066330e-01	-1.268156e-01	1.167243e-01	-5.516847e-03	-1.662004e-03	4.305552e-02	1.986576e-02	2.318976e-02
261           	2.918426e-01	1.392958e-01	1.525468e-01	-2.415115e-02	1.087581e-01	-1.329092e-01	1.208337e-01	-6.625512e-03	1.704710e-03	4.089465e-02	2.215203e-02	1.874261e-02
262           	2.953920e-01	1.403714e-01	1.550206e-01	-2.648597e-02	1.103010e-01	-1.367870e-01	1.235440e-01	-7.324595e-03	4.627143e-03	3.732792e-02	2.329110e-02	1.403682e-02
263           	2.978944e-01	1.414252e-01	1.564692e-01	-2.622648e-02	1.111286e-01	-1.373551e-01	1.242418e-01	-7.522002e-03	6.956973e-03	3.244592e-02	2.317993e-02	9.265988e-03
264           	2.992977e-01	1.424046e-01	1.568931e-01	-2.349485e-02	1.113960e-01	-1.348909e-01	1.231435e-01	-7.244221e-03	8.650055e-03	2.658308e-02	2.194159e-02	4.641483e-03
265           	2.996973e-01	1.431803e-01	1.565170e-01	-1.940773e-02	1.113597e-01	-1.307674e-01	1.210635e-01	-6.668367e-03	9.854461e-03	2.026517e-02	1.998705e-02	2.781259e-04
266           	2.992493e-01	1.435908e-01	1.556585e-01	-1.522686e-02	1.111668e-01	-1.263937e-01	1.187803e-01	-6.033879e-03	1.085416e-02	1.397714e-02	1.784273e-02	-3.865587e-03
267           	2.981778e-01	1.435346e-01	1.546432e-01	-1.175353e-02	1.108501e-01	-1.226037e-01	1.167269e-01	-5.554288e-03	1.201962e-02	8.127429e-03	1.608334e-02	-7.955908e-03
268           	2.967996e-01	1.431416e-01	1.536580e-01	-9.175580e-03	1.103866e-01	-1.195621e-01	1.149744e-01	-5.258229e-03	1.348911e-02	2.675818e-03	1.482702e-02	-1.215120e-02
269           	2.952383e-01	1.425674e-01	1.526710e-01	-7.146300e-03	1.097044e-01	-1.168507e-01	1.132775e-01	-5.051815e-03	1.519950e-02	-2.611155e-03	1.389392e-02	-1.650508e-02
270           	2.932203e-01	1.417573e-01	1.514630e-01	-5.034665e-03	1.087508e-01	-1.137854e-01	1.112681e-01	-4.852858e-03	1.706415e-02	-7.773584e-03	1.317735e-02	-2.095094e-02
271           	2.904215e-01	1.405851e-01	1.498365e-01	-2.374502e-03	1.075825e-01	-1.099570e-01	1.087697e-01	-4.625690e-03	1.898365e-02	-1.270047e-02	1.263342e-02	-2.533388e-02
272           	2.867589e-01	1.390078e-01	1.477510e-01	1.075693e-03	1.063523e-01	-1.052767e-01	1.058145e-01	-4.371608e-03	2.087773e-02	-1.723164e-02	1.226191e-02	-2.949355e-02
273           	2.828452e-01	1.373796e-01	1.454656e-01	5.241496e-03	1.052068e-01	-9.996534e-02	1.025861e-01	-4.043005e-03	2.254047e-02	-2.140981e-02	1.183557e-02	-3.324538e-02
274           	2.796361e-01	1.362715e-01	1.433646e-01	9.643287e-03	1.042034e-01	-9.456010e-02	9.938174e-02	-3.546561e-03	2.364157e-02	-2.540691e-02	1.093811e-02	-3.634503e-02
275           	2.776831e-01	1.360709e-01	1.416122e-01	1.387065e-02	1.033156e-01	-8.944492e-02	9.638025e-02	-2.770676e-03	2.385877e-02	-2.945610e-02	9.130715e-03	-3.858682e-02
276           	2.767161e-01	1.367783e-01	1.399378e-01	1.751966e-02	1.024116e-01	-8.489189e-02	9.365172e-02	-1.579740e-03	2.289382e-02	-3.395770e-02	5.914969e-03	-3.987267e-02
277           	2.763057e-01	1.382957e-01	1.380100e-01	2.018286e-02	1.014060e-01	-8.122314e-02	9.131457e-02	1.428573e-04	2.051592e-02	-3.925151e-02	8.901608e-04	-4.014167e-02
278           	2.764554e-01	1.405838e-01	1.358716e-01	2.135909e-02	1.003927e-01	-7.903360e-02	8.971315e-02	2.356105e-03	1.677313e-02	-4.517364e-02	-5.813687e-03	-3.935995e-02
279           	2.774158e-01	1.435760e-01	1.338397e-01	2.088572e-02	9.956773e-02	-7.868201e-02	8.912487e-02	4.868142e-03	1.203721e-02	-5.119683e-02	-1.356120e-02	-3.763563e-02
280           	2.790825e-01	1.470038e-01	1.320787e-01	1.916226e-02	9.904403e-02	-7.988178e-02	8.946291e-02	7.462573e-03	6.766632e-03	-5.692168e-02	-2.169421e-02	-3.522747e-02
281           	2.809310e-01	1.504145e-01	1.305165e-01	1.707322e-02	9.873073e-02	-8.165752e-02	9.019412e-02	9.948971e-03	1.403046e-03	-6.208266e-02	-2.963828e-02	-3.244437e-02
282           	2.823998e-01	1.532494e-01	1.291504e-01	1.549989e-02	9.841275e-02	-8.291287e-02	9.066281e-02	1.204948e-02	-3.544769e-03	-6.607230e-02	-3.658092e-02	-2.949138e-02
283           	2.833446e-01	1.553412e-01	1.280033e-01	1.468919e-02	9.796186e-02	-8.327267e-02	9.061727e-02	1.366894e-02	-7.890413e-03	-6.863098e-02	-4.220590e-02	-2.642508e-02
284           	2.840650e-01	1.568804e-01	1.271846e-01	1.407764e-02	9.747132e-02	-8.339368e-02	9.043250e-02	1.484792e-02	-1.169535e-02	-6.975878e-02	-4.657474e-02	-2.318404e-02
285           	2.848680e-01	1.580748e-01	1.267932e-01	1.288879e-02	9.714759e-02	-8.425880e-02	9.070319e-02	1.564082e-02	-1.497721e-02	-6.959376e-02	-4.977409e-02	-1.981967e-02
286           	2.858037e-01	1.589103e-01	1.268934e-01	1.065348e-02	9.713730e-02	-8.648382e-02	9.181056e-02	1.600846e-02	-1.758419e-02	-6.810055e-02	-5.163447e-02	-1.646608e-02
287           	2.865573e-01	1.590634e-01	1.274939e-01	7.491719e-03	9.742247e-02	-8.993075e-02	9.367661e-02	1.578475e-02	-1.922538e-02	-6.480391e-02	-5.162734e-02	-1.317657e-02
288           	2.866804e-01	1.582383e-01	1.284421e-01	3.974930e-03	9.783983e-02	-9.386490e-02	9.585236e-02	1.489809e-02	-1.979759e-02	-5.937470e-02	-4.948494e-02	-9.889759e-03
289           	2.860262e-01	1.564879e-01	1.295383e-01	7.495707e-04	9.818556e-02	-9.743599e-02	9.781077e-02	1.347480e-02	-1.949615e-02	-5.199794e-02	-4.549512e-02	-6.502820e-03
290           	2.847621e-01	1.541880e-01	1.305740e-01	-1.763161e-03	9.832874e-02	-1.000919e-01	9.921032e-02	1.180700e-02	-1.871644e-02	-4.346039e-02	-4.044664e-02	-3.013755e-03
291           	2.832172e-01	1.517792e-01	1.314380e-01	-3.409401e-03	9.830553e-02	-1.017149e-01	1.000102e-01	1.017062e-02	-1.776154e-02	-3.476178e-02	-3.514243e-02	3.806481e-04
292           	2.817087e-01	1.494821e-01	1.322266e-01	-4.287508e-03	9.826394e-02	-1.025514e-01	1.004077e-01	8.627790e-03	-1.665205e-02	-2.643589e-02	-2.986999e-02	3.434102e-03
293           	2.804205e-01	1.473055e-01	1.331150e-01	-4.735629e-03	9.833276e-02	-1.030684e-01	1.007006e-01	7.095261e-03	-1.519293e-02	-1.836928e-02	-2.437757e-02	6.008292e-03
294           	2.793809e-01	1.451666e-01	1.342143e-01	-5.096112e-03	9.853610e-02	-1.036322e-01	1.010842e-01	5.476127e-03	-1.320175e-02	-1.021081e-02	-1.830715e-02	8.096340e-03
295           	2.786470e-01	1.431006e-01	1.355464e-01	-5.406480e-03	9.880879e-02	-1.042153e-01	1.015120e-01	3.777123e-03	-1.070626e-02	-1.926578e-03	-1.166955e-02	9.742974e-03
296           	2.784135e-01	1.413706e-01	1.370429e-01	-5.620962e-03	9.911262e-02	-1.047336e-01	1.019231e-01	2.163882e-03	-8.006186e-03	5.886637e-03	-5.062867e-03	1.094950e-02
297           	2.789138e-01	1.402324e-01	1.386813e-01	-5.668654e-03	9.945330e-02	-1.051220e-01	1.022876e-01	7.755581e-04	-5.406107e-03	1.257635e-02	8.820676e-04	1.169428e-02
298           	2.799096e-01	1.396111e-01	1.402985e-01	-5.407257e-03	9.976439e-02	-1.051716e-01	1.024680e-01	-3.436700e-04	-3.128747e-03	1.765548e-02	5.698992e-03	1.195649e-02
299           	2.807847e-01	1.392050e-01	1.415798e-01	-4.613458e-03	9.988926e-02	-1.045027e-01	1.021960e-01	-1.187409e-03	-1.381107e-03	2.091810e-02	9.077943e-03	1.184016e-02
300           	2.811605e-01	1.387456e-01	1.424149e-01	-3.117656e-03	9.970169e-02	-1.028193e-01	1.012605e-01	-1.834627e-03	-9.790733e-05	2.259537e-02	1.119978e-02	1.139559e-02
