# Force and moment coefficients
# dragDir     : (1.000000e+00 0.000000e+00 0.000000e+00)
# sideDir     : (0.000000e+00 1.000000e+00 0.000000e+00)
# liftDir     : (0.000000e+00 0.000000e+00 1.000000e+00)
# rollAxis    : (1.000000e+00 0.000000e+00 0.000000e+00)
# pitchAxis   : (0.000000e+00 1.000000e+00 0.000000e+00)
# yawAxis     : (0.000000e+00 0.000000e+00 1.000000e+00)
# magUInf     : 2.000000e+01
# lRef        : 1.500000e+00
# Aref        : 1.000000e+00
# CofR        : (0.000000e+00 0.000000e+00 0.000000e+00)
#
# Time        	Cd            	Cd(f)         	Cd(r)         	Cl            	Cl(f)         	Cl(r)         	CmPitch       	CmRoll        	CmYaw         	Cs            	Cs(f)         	Cs(r)         
1             	7.920668e+00	3.960246e+00	3.960422e+00	-2.644482e-02	2.270346e+00	-2.296791e+00	2.283569e+00	-8.825618e-05	-2.951817e-05	2.610007e-04	1.009822e-04	1.600185e-04
2             	2.754550e+00	1.371092e+00	1.383458e+00	-4.666165e-02	8.265780e-01	-8.732396e-01	8.499088e-01	-6.182861e-03	1.302345e-02	1.674939e-02	2.139815e-02	-4.648757e-03
3             	-6.454038e+01	-3.067321e+01	-3.386717e+01	-9.272717e-01	-1.749322e+01	1.656594e+01	-1.702958e+01	1.596982e+00	-7.802021e+00	-4.157584e+00	-9.880813e+00	5.723229e+00
4             	1.109269e+04	5.587072e+03	5.505619e+03	-7.912629e+01	4.340711e+03	-4.419838e+03	4.380275e+03	4.072661e+01	-9.573379e+02	-1.224332e+02	-1.018555e+03	8.961213e+02
5             	5.356788e+04	2.675699e+04	2.681088e+04	-3.015148e+02	1.949914e+04	-1.980066e+04	1.964990e+04	-2.694492e+01	-3.714400e+03	8.595787e+01	-3.671422e+03	3.757379e+03
6             	2.582083e+04	1.277148e+04	1.304936e+04	-4.298615e+02	9.609004e+03	-1.003887e+04	9.823935e+03	-1.389413e+02	-1.513470e+03	3.509557e+02	-1.337992e+03	1.688948e+03
7             	-2.238382e+04	-1.142057e+04	-1.096326e+04	-2.090795e+02	-7.658224e+03	7.449144e+03	-7.553684e+03	-2.286558e+02	1.787998e+03	5.980709e+02	2.087033e+03	-1.488963e+03
8             	-3.609427e+04	-1.824970e+04	-1.784457e+04	1.282712e+02	-1.279269e+04	1.292096e+04	-1.285682e+04	-2.025652e+02	2.616142e+03	6.017653e+02	2.917025e+03	-2.315260e+03
9             	-9.778759e+03	-4.991876e+03	-4.786883e+03	3.500518e+02	-3.610716e+03	3.960767e+03	-3.785742e+03	-1.024963e+02	7.380353e+02	4.009475e+02	9.385091e+02	-5.375616e+02
10            	1.496419e+04	7.427737e+03	7.536452e+03	3.863219e+02	5.226224e+03	-4.839902e+03	5.033063e+03	-5.435715e+01	-8.406229e+02	2.914091e+02	-6.949183e+02	9.863274e+02
11            	1.475659e+04	7.290327e+03	7.466266e+03	3.064488e+02	5.397273e+03	-5.090824e+03	5.244049e+03	-8.796951e+01	-8.411484e+02	3.640865e+02	-6.591051e+02	1.023192e+03
12            	5.372026e+02	1.106158e+02	4.265868e+02	1.925065e+02	5.711196e+02	-3.786131e+02	4.748664e+02	-1.579855e+02	2.999705e+00	5.136587e+02	2.598290e+02	2.538296e+02
13            	-9.508176e+03	-4.919648e+03	-4.588528e+03	1.087836e+02	-3.029188e+03	3.137972e+03	-3.083580e+03	-1.655602e+02	6.232210e+02	4.880341e+02	8.672381e+02	-3.792040e+02
14            	-8.702560e+03	-4.426486e+03	-4.276074e+03	-5.258138e+01	-3.012478e+03	2.959897e+03	-2.986188e+03	-7.520622e+01	5.905843e+02	2.258550e+02	7.035118e+02	-4.776568e+02
15            	-1.684345e+03	-8.137210e+02	-8.706238e+02	-1.343644e+02	-7.058372e+02	5.714728e+02	-6.386550e+02	2.845140e+01	1.847662e+02	-7.709051e+01	1.462209e+02	-2.233114e+02
16            	2.854804e+03	1.504605e+03	1.350198e+03	-9.436058e+01	9.334418e+02	-1.027802e+03	9.806221e+02	7.720344e+01	-1.285836e+02	-2.481355e+02	-2.526513e+02	4.515845e+00
17            	2.660773e+03	1.392656e+03	1.268118e+03	-1.300195e+01	9.676666e+02	-9.806685e+02	9.741675e+02	6.226892e+01	-2.022052e+02	-2.331031e+02	-3.187568e+02	8.565365e+01
18            	2.385574e+02	1.294500e+02	1.091074e+02	6.216783e+01	1.789436e+02	-1.167758e+02	1.478597e+02	1.017132e+01	-1.197126e+02	-8.759743e+01	-1.635113e+02	7.591389e+01
19            	-1.572614e+03	-8.233994e+02	-7.492147e+02	1.168207e+02	-4.551367e+02	5.719574e+02	-5.135470e+02	-3.709236e+01	-4.420695e+00	6.922127e+01	3.018994e+01	3.903133e+01
20            	-1.713976e+03	-8.955828e+02	-8.183937e+02	1.302536e+02	-5.429408e+02	6.731945e+02	-6.080677e+02	-3.859459e+01	5.750779e+01	1.081923e+02	1.116039e+02	-3.411636e+00
21            	-7.237966e+02	-3.761471e+02	-3.476495e+02	1.225474e+02	-2.277732e+02	3.503206e+02	-2.890469e+02	-1.424883e+01	4.255034e+01	7.086339e+01	7.798204e+01	-7.118647e+00
22            	2.389957e+02	1.341996e+02	1.047961e+02	9.869782e+01	1.020613e+02	-3.363513e+00	5.271243e+01	1.470175e+01	-2.288024e+01	3.345699e+00	-2.120739e+01	2.455308e+01
23            	4.455188e+02	2.523043e+02	1.932146e+02	7.225198e+01	1.777803e+02	-1.055283e+02	1.416543e+02	2.954484e+01	-7.383020e+01	-4.421986e+01	-9.594013e+01	5.172028e+01
24            	9.844555e+01	7.588838e+01	2.255718e+01	3.875675e+01	5.862226e+01	-1.986551e+01	3.924389e+01	2.666560e+01	-7.365776e+01	-5.098790e+01	-9.915171e+01	4.816381e+01
25            	-2.888039e+02	-1.334944e+02	-1.553095e+02	-5.017893e+00	-8.051476e+01	7.549687e+01	-7.800581e+01	1.090757e+01	-2.360215e+01	-1.935755e+01	-3.328092e+01	1.392337e+01
26            	-3.790668e+02	-1.943860e+02	-1.846808e+02	-4.165739e+01	-1.191700e+02	7.751257e+01	-9.834127e+01	-4.852569e+00	2.829451e+01	2.006597e+01	3.832749e+01	-1.826152e+01
27            	-2.191062e+02	-1.217965e+02	-9.730971e+01	-5.867541e+01	-7.093190e+01	1.225648e+01	-4.159419e+01	-1.224337e+01	4.753592e+01	4.397430e+01	6.952306e+01	-2.554877e+01
28            	-2.695230e+01	-2.735788e+01	4.055758e-01	-5.658922e+01	-8.911594e+00	-4.767763e+01	1.938302e+01	-1.388173e+01	3.487412e+01	5.713779e+01	6.344302e+01	-6.305230e+00
29            	3.230350e+01	3.118921e+00	2.918458e+01	-4.299647e+01	1.072278e+01	-5.371925e+01	3.222101e+01	-1.303283e+01	1.303841e+01	6.274268e+01	4.440974e+01	1.833293e+01
30            	-2.553932e+01	-2.404182e+01	-1.497506e+00	-2.823300e+01	-8.334686e+00	-1.989831e+01	5.781811e+00	-1.127215e+01	4.367798e-01	6.009624e+01	3.048490e+01	2.961134e+01
31            	-9.312509e+01	-5.617726e+01	-3.694782e+01	-1.834737e+01	-3.055550e+01	1.220813e+01	-2.138182e+01	-9.614719e+00	7.411594e-01	5.185970e+01	2.667101e+01	2.518869e+01
32            	-1.031564e+02	-5.925606e+01	-4.390032e+01	-1.349863e+01	-3.292337e+01	1.942474e+01	-2.617405e+01	-7.677867e+00	7.361042e+00	4.009622e+01	2.740915e+01	1.268707e+01
33            	-5.648624e+01	-3.346408e+01	-2.302216e+01	-9.939173e+00	-1.620275e+01	6.263573e+00	-1.123316e+01	-5.220960e+00	1.102848e+01	2.807769e+01	2.506733e+01	3.010363e+00
34            	-5.661625e+00	-5.615497e+00	-4.612841e-02	-6.217067e+00	7.901863e-01	-7.007254e+00	3.898720e+00	-2.784684e+00	8.867175e+00	2.013146e+01	1.893291e+01	1.198555e+00
35            	1.125817e+01	4.608005e+00	6.650165e+00	-3.136094e+00	5.012445e+00	-8.148539e+00	6.580492e+00	-1.021080e+00	3.588091e+00	1.688095e+01	1.202857e+01	4.852385e+00
36            	-7.619583e+00	-3.724732e+00	-3.894851e+00	-1.961221e+00	-3.084802e+00	1.123581e+00	-2.104192e+00	8.505961e-02	-1.611293e+00	1.517110e+01	5.974258e+00	9.196844e+00
37            	-3.700909e+01	-1.774602e+01	-1.926307e+01	-3.289947e+00	-1.362768e+01	1.033773e+01	-1.198270e+01	7.585254e-01	-4.157865e+00	1.197738e+01	1.830826e+00	1.014656e+01
38            	-4.946397e+01	-2.360675e+01	-2.585722e+01	-5.676880e+00	-1.703464e+01	1.135776e+01	-1.419620e+01	1.125237e+00	-4.115907e+00	7.277673e+00	-4.770710e-01	7.754744e+00
39            	-4.178376e+01	-2.014305e+01	-2.164071e+01	-6.681526e+00	-1.287947e+01	6.197940e+00	-9.538703e+00	7.488283e-01	-2.556449e+00	5.221349e+00	5.422608e-02	5.167123e+00
40            	-2.533074e+01	-1.326122e+01	-1.206952e+01	-5.757442e+00	-5.842535e+00	8.509254e-02	-2.963814e+00	-5.958529e-01	-3.735017e-01	8.110983e+00	3.681990e+00	4.428993e+00
41            	-1.076097e+01	-7.886789e+00	-2.874185e+00	-3.891321e+00	-1.687731e-01	-3.722548e+00	1.776887e+00	-2.506302e+00	1.931185e+00	1.454708e+01	9.204726e+00	5.342356e+00
42            	-2.786305e+00	-5.401189e+00	2.614884e+00	-2.503502e+00	2.389659e+00	-4.893161e+00	3.641410e+00	-4.008036e+00	3.853028e+00	2.016412e+01	1.393509e+01	6.229031e+00
43            	-2.248455e+00	-5.369347e+00	3.120892e+00	-2.521770e+00	1.927855e+00	-4.449624e+00	3.188739e+00	-4.245119e+00	4.567028e+00	2.098851e+01	1.506129e+01	5.927229e+00
44            	-5.897684e+00	-6.233453e+00	3.357699e-01	-3.673870e+00	2.632792e-01	-3.937149e+00	2.100214e+00	-3.284612e+00	3.865811e+00	1.704494e+01	1.238828e+01	4.656656e+00
45            	-9.781532e+00	-6.873043e+00	-2.908489e+00	-5.187281e+00	-1.006581e+00	-4.180699e+00	1.587059e+00	-1.982277e+00	2.496675e+00	1.153817e+01	8.265758e+00	3.272407e+00
46            	-1.260779e+01	-6.984923e+00	-5.622871e+00	-6.565494e+00	-1.568671e+00	-4.996823e+00	1.714076e+00	-6.810259e-01	7.432054e-01	6.158708e+00	3.822559e+00	2.336149e+00
47            	-1.310783e+01	-6.139832e+00	-6.967998e+00	-7.105850e+00	-1.457286e+00	-5.648565e+00	2.095639e+00	4.140830e-01	-9.731016e-01	1.909941e+00	-1.813100e-02	1.928072e+00
48            	-1.026447e+01	-4.566902e+00	-5.697563e+00	-5.724670e+00	-7.404634e-01	-4.984206e+00	2.121871e+00	5.653305e-01	-1.167257e+00	1.180223e+00	-5.771452e-01	1.757368e+00
49            	-7.008277e+00	-3.091511e+00	-3.916765e+00	-4.474227e+00	2.563790e-03	-4.476790e+00	2.239677e+00	4.126269e-01	-6.466188e-01	1.570988e+00	1.388752e-01	1.432113e+00
50            	-4.108628e+00	-1.461838e+00	-2.646791e+00	-3.965979e+00	6.422179e-01	-4.608196e+00	2.625207e+00	5.924765e-01	-4.268870e-01	8.316257e-01	-1.107411e-02	8.426998e-01
51            	-1.903685e+00	2.465903e-01	-2.150275e+00	-4.265176e+00	1.155027e+00	-5.420202e+00	3.287614e+00	1.198433e+00	-7.736768e-01	-1.326007e+00	-1.436680e+00	1.106732e-01
52            	-8.752374e-01	1.598070e+00	-2.473307e+00	-5.140572e+00	1.457361e+00	-6.597933e+00	4.027647e+00	2.035688e+00	-1.613414e+00	-4.208919e+00	-3.717873e+00	-4.910457e-01
53            	-1.079172e+00	2.161799e+00	-3.240970e+00	-5.666484e+00	1.486437e+00	-7.152921e+00	4.319679e+00	2.701384e+00	-2.514330e+00	-6.457569e+00	-5.743114e+00	-7.144548e-01
54            	-1.683570e+00	2.201277e+00	-3.884847e+00	-5.297191e+00	1.387609e+00	-6.684800e+00	4.036205e+00	3.043062e+00	-3.181342e+00	-7.584104e+00	-6.973394e+00	-6.107105e-01
55            	-2.047536e+00	2.228914e+00	-4.276451e+00	-3.995706e+00	1.275661e+00	-5.271367e+00	3.273514e+00	3.252682e+00	-3.770941e+00	-8.245287e+00	-7.893584e+00	-3.517029e-01
56            	-1.875866e+00	2.554332e+00	-4.430198e+00	-1.418885e+00	1.061430e+00	-2.480315e+00	1.770872e+00	3.492265e+00	-4.449258e+00	-8.974688e+00	-8.936601e+00	-3.808608e-02
57            	-9.723063e-01	3.057617e+00	-4.029923e+00	2.859084e-01	1.039613e+00	-7.537050e-01	8.966592e-01	3.543770e+00	-4.590213e+00	-9.167750e+00	-9.174088e+00	6.338601e-03
58            	-2.844119e-01	3.408590e+00	-3.693002e+00	5.759235e-01	1.132028e+00	-5.561041e-01	8.440659e-01	3.550796e+00	-4.490394e+00	-9.267184e+00	-9.123986e+00	-1.431984e-01
59            	-1.628323e-02	3.602481e+00	-3.618765e+00	5.945265e-01	1.120785e+00	-5.262583e-01	8.235215e-01	3.610623e+00	-4.486199e+00	-9.504593e+00	-9.238496e+00	-2.660976e-01
60            	-5.861565e-02	3.704895e+00	-3.763510e+00	7.411820e-01	9.937505e-01	-2.525686e-01	6.231596e-01	3.734203e+00	-4.672628e+00	-9.916025e+00	-9.630641e+00	-2.853838e-01
61            	-3.405299e-01	3.735472e+00	-4.076002e+00	1.311180e+00	7.849459e-01	5.262336e-01	1.293561e-01	3.905737e+00	-5.074042e+00	-1.047699e+01	-1.031254e+01	-1.644518e-01
62            	-6.009579e-01	3.698599e+00	-4.299557e+00	2.102171e+00	5.994685e-01	1.502702e+00	-4.516168e-01	3.999078e+00	-5.406919e+00	-1.082734e+01	-1.082059e+01	-6.750200e-03
63            	-7.074387e-01	3.639043e+00	-4.346481e+00	2.844132e+00	4.725728e-01	2.371559e+00	-9.494932e-01	3.992762e+00	-5.561381e+00	-1.090251e+01	-1.101264e+01	1.101247e-01
64            	-5.981589e-01	3.557016e+00	-4.155175e+00	3.481847e+00	3.726422e-01	3.109205e+00	-1.368282e+00	3.856095e+00	-5.470945e+00	-1.059114e+01	-1.076652e+01	1.753739e-01
65            	-2.401039e-01	3.486147e+00	-3.726251e+00	3.400970e+00	3.785833e-01	3.022387e+00	-1.321902e+00	3.606199e+00	-5.086473e+00	-9.927919e+00	-1.005043e+01	1.225137e-01
66            	-1.111517e-02	3.447720e+00	-3.458835e+00	3.043143e+00	4.045785e-01	2.638565e+00	-1.116993e+00	3.453278e+00	-4.836612e+00	-9.541597e+00	-9.607411e+00	6.581415e-02
67            	8.794215e-02	3.413649e+00	-3.325707e+00	2.808446e+00	3.957734e-01	2.412673e+00	-1.008450e+00	3.369678e+00	-4.737539e+00	-9.359290e+00	-9.417184e+00	5.789388e-02
68            	1.568886e-01	3.357864e+00	-3.200975e+00	2.681193e+00	3.719423e-01	2.309251e+00	-9.686542e-01	3.279420e+00	-4.679612e+00	-9.174280e+00	-9.266752e+00	9.247167e-02
69            	1.852893e-01	3.252598e+00	-3.067309e+00	2.676468e+00	3.413537e-01	2.335114e+00	-9.968800e-01	3.159953e+00	-4.594955e+00	-8.908941e+00	-9.049426e+00	1.404850e-01
70            	1.861645e-01	3.114798e+00	-2.928633e+00	2.714693e+00	3.158384e-01	2.398855e+00	-1.041508e+00	3.021715e+00	-4.449853e+00	-8.570702e+00	-8.735204e+00	1.645018e-01
71            	2.019648e-01	2.973282e+00	-2.771318e+00	2.691364e+00	3.048320e-01	2.386532e+00	-1.040850e+00	2.872300e+00	-4.245154e+00	-8.173860e+00	-8.332084e+00	1.582242e-01
72            	3.087046e-01	2.826563e+00	-2.517858e+00	2.520343e+00	3.233155e-01	2.197028e+00	-9.368560e-01	2.672210e+00	-3.928065e+00	-7.607673e+00	-7.731902e+00	1.242289e-01
73            	5.701385e-01	2.753631e+00	-2.183493e+00	2.194384e+00	3.790557e-01	1.815329e+00	-7.181365e-01	2.468562e+00	-3.598084e+00	-7.029152e+00	-7.112661e+00	8.350827e-02
74            	7.799843e-01	2.783004e+00	-2.003020e+00	1.988212e+00	4.169457e-01	1.571266e+00	-5.771602e-01	2.393012e+00	-3.499366e+00	-6.843313e+00	-6.921023e+00	7.771020e-02
75            	8.585893e-01	2.802486e+00	-1.943896e+00	1.942872e+00	4.213245e-01	1.521547e+00	-5.501113e-01	2.373191e+00	-3.495415e+00	-6.822429e+00	-6.906630e+00	8.420027e-02
76            	9.343879e-01	2.789443e+00	-1.855055e+00	1.898087e+00	4.267620e-01	1.471325e+00	-5.222817e-01	2.322249e+00	-3.445653e+00	-6.719998e+00	-6.805652e+00	8.565335e-02
77            	1.020614e+00	2.719658e+00	-1.699043e+00	1.796526e+00	4.410514e-01	1.355475e+00	-4.572118e-01	2.209351e+00	-3.290652e+00	-6.440011e+00	-6.510657e+00	7.064628e-02
78            	1.097406e+00	2.606553e+00	-1.509147e+00	1.647602e+00	4.582701e-01	1.189332e+00	-3.655308e-01	2.057850e+00	-3.060710e+00	-6.039286e+00	-6.080353e+00	4.106656e-02
79            	1.146177e+00	2.496574e+00	-1.350398e+00	1.507055e+00	4.675434e-01	1.039511e+00	-2.859839e-01	1.923486e+00	-2.852009e+00	-5.678774e+00	-5.691396e+00	1.262211e-02
80            	1.170984e+00	2.413231e+00	-1.242246e+00	1.397951e+00	4.679962e-01	9.299543e-01	-2.309791e-01	1.827738e+00	-2.708054e+00	-5.428557e+00	-5.422333e+00	-6.224371e-03
81            	1.185991e+00	2.349347e+00	-1.163356e+00	1.303326e+00	4.650840e-01	8.382421e-01	-1.865790e-01	1.756351e+00	-2.609645e+00	-5.254971e+00	-5.237131e+00	-1.783999e-02
82            	1.202784e+00	2.292207e+00	-1.089423e+00	1.197555e+00	4.632969e-01	7.342580e-01	-1.354806e-01	1.690815e+00	-2.526495e+00	-5.107376e+00	-5.080183e+00	-2.719332e-02
83            	1.217821e+00	2.235917e+00	-1.018095e+00	1.086645e+00	4.622183e-01	6.244262e-01	-8.110392e-02	1.627006e+00	-2.446314e+00	-4.965128e+00	-4.928878e+00	-3.625036e-02
84            	1.218328e+00	2.179563e+00	-9.612351e-01	1.002666e+00	4.584668e-01	5.441997e-01	-4.286645e-02	1.570399e+00	-2.371885e+00	-4.831614e+00	-4.787692e+00	-4.392231e-02
85            	1.208830e+00	2.119236e+00	-9.104061e-01	9.317694e-01	4.535276e-01	4.782418e-01	-1.235707e-02	1.514821e+00	-2.293709e+00	-4.692046e+00	-4.639732e+00	-5.231382e-02
86            	1.195349e+00	2.045813e+00	-8.504639e-01	8.425267e-01	4.505476e-01	3.919790e-01	2.928429e-02	1.448139e+00	-2.193972e+00	-4.517684e+00	-4.452814e+00	-6.486997e-02
87            	1.181536e+00	1.961628e+00	-7.800921e-01	7.275307e-01	4.509931e-01	2.765375e-01	8.722780e-02	1.370860e+00	-2.075104e+00	-4.311486e+00	-4.230847e+00	-8.063911e-02
88            	1.169418e+00	1.880893e+00	-7.114759e-01	6.044077e-01	4.540064e-01	1.504013e-01	1.518025e-01	1.296185e+00	-1.961097e+00	-4.110243e+00	-4.016219e+00	-9.402469e-02
89            	1.157917e+00	1.823426e+00	-6.655096e-01	5.140897e-01	4.545754e-01	5.951425e-02	1.975306e-01	1.244468e+00	-1.887464e+00	-3.970989e+00	-3.872959e+00	-9.802987e-02
90            	1.146737e+00	1.788430e+00	-6.416932e-01	4.639600e-01	4.512199e-01	1.274015e-02	2.192399e-01	1.215062e+00	-1.850988e+00	-3.891842e+00	-3.796909e+00	-9.493301e-02
91            	1.135751e+00	1.755767e+00	-6.200163e-01	4.214457e-01	4.471659e-01	-2.572026e-02	2.364431e-01	1.187892e+00	-1.816428e+00	-3.815899e+00	-3.724378e+00	-9.152152e-02
92            	1.126156e+00	1.713175e+00	-5.870197e-01	3.630451e-01	4.446312e-01	-8.158613e-02	2.631087e-01	1.150098e+00	-1.762004e+00	-3.706576e+00	-3.615292e+00	-9.128418e-02
93            	1.121029e+00	1.660901e+00	-5.398716e-01	2.832056e-01	4.448135e-01	-1.616079e-01	3.032107e-01	1.100386e+00	-1.685642e+00	-3.560738e+00	-3.466012e+00	-9.472676e-02
94            	1.121398e+00	1.609818e+00	-4.884195e-01	1.991174e-01	4.466131e-01	-2.474957e-01	3.470544e-01	1.049119e+00	-1.605910e+00	-3.409395e+00	-3.310608e+00	-9.878706e-02
95            	1.124186e+00	1.570456e+00	-4.462706e-01	1.348627e-01	4.472989e-01	-3.124363e-01	3.798676e-01	1.008364e+00	-1.544478e+00	-3.288196e+00	-3.188576e+00	-9.962067e-02
96            	1.126331e+00	1.541724e+00	-4.153933e-01	9.257661e-02	4.461186e-01	-3.535420e-01	3.998303e-01	9.785587e-01	-1.502350e+00	-3.197827e+00	-3.101263e+00	-9.656409e-02
97            	1.126767e+00	1.516030e+00	-3.892627e-01	5.969667e-02	4.438749e-01	-3.841783e-01	4.140266e-01	9.526463e-01	-1.467400e+00	-3.116722e+00	-3.025761e+00	-9.096091e-02
98            	1.124804e+00	1.486696e+00	-3.618922e-01	2.561674e-02	4.412655e-01	-4.156488e-01	4.284572e-01	9.242939e-01	-1.428403e+00	-3.026016e+00	-2.941411e+00	-8.460505e-02
99            	1.119612e+00	1.453004e+00	-3.333924e-01	-1.022667e-02	4.381803e-01	-4.484070e-01	4.432937e-01	8.931982e-01	-1.383785e+00	-2.926423e+00	-2.846996e+00	-7.942650e-02
100           	1.113144e+00	1.422978e+00	-3.098343e-01	-3.912911e-02	4.343035e-01	-4.734326e-01	4.538680e-01	8.664062e-01	-1.344702e+00	-2.841561e+00	-2.765483e+00	-7.607876e-02
101           	1.107752e+00	1.398869e+00	-2.911170e-01	-6.061884e-02	4.302314e-01	-4.908502e-01	4.605408e-01	8.449928e-01	-1.313512e+00	-2.774336e+00	-2.700680e+00	-7.365663e-02
102           	1.102506e+00	1.373947e+00	-2.714409e-01	-8.165129e-02	4.260840e-01	-5.077353e-01	4.669096e-01	8.226939e-01	-1.280711e+00	-2.704053e+00	-2.632738e+00	-7.131508e-02
103           	1.096728e+00	1.345323e+00	-2.485950e-01	-1.046821e-01	4.217795e-01	-5.264616e-01	4.741205e-01	7.969589e-01	-1.242448e+00	-2.622394e+00	-2.553645e+00	-6.874914e-02
104           	1.090342e+00	1.315685e+00	-2.253436e-01	-1.268118e-01	4.173536e-01	-5.441654e-01	4.807595e-01	7.705144e-01	-1.203074e+00	-2.538214e+00	-2.472181e+00	-6.603336e-02
105           	1.083118e+00	1.288988e+00	-2.058702e-01	-1.436100e-01	4.127685e-01	-5.563785e-01	4.845735e-01	7.474293e-01	-1.168966e+00	-2.464767e+00	-2.401349e+00	-6.341779e-02
106           	1.074598e+00	1.266129e+00	-1.915310e-01	-1.533986e-01	4.078368e-01	-5.612354e-01	4.845361e-01	7.288301e-01	-1.141775e+00	-2.405749e+00	-2.344649e+00	-6.109956e-02
107           	1.064148e+00	1.244711e+00	-1.805635e-01	-1.572667e-01	4.022633e-01	-5.595300e-01	4.808967e-01	7.126374e-01	-1.118119e+00	-2.354482e+00	-2.295360e+00	-5.912138e-02
108           	1.050731e+00	1.221199e+00	-1.704673e-01	-1.565004e-01	3.957841e-01	-5.522846e-01	4.740344e-01	6.958330e-01	-1.093158e+00	-2.301258e+00	-2.243787e+00	-5.747121e-02
109           	1.034971e+00	1.196350e+00	-1.613786e-01	-1.537867e-01	3.889003e-01	-5.426870e-01	4.657936e-01	6.788640e-01	-1.067627e+00	-2.247357e+00	-2.191306e+00	-5.605110e-02
110           	1.020094e+00	1.174368e+00	-1.542738e-01	-1.526485e-01	3.825554e-01	-5.352039e-01	4.588797e-01	6.643208e-01	-1.045759e+00	-2.200933e+00	-2.146225e+00	-5.470806e-02
111           	1.007176e+00	1.155287e+00	-1.481108e-01	-1.526567e-01	3.768125e-01	-5.294692e-01	4.531408e-01	6.516989e-01	-1.026738e+00	-2.160421e+00	-2.106948e+00	-5.347290e-02
112           	9.943106e-01	1.135146e+00	-1.408359e-01	-1.514543e-01	3.708799e-01	-5.223342e-01	4.466070e-01	6.379911e-01	-1.005755e+00	-2.116191e+00	-2.063850e+00	-5.234094e-02
113           	9.810220e-01	1.112812e+00	-1.317898e-01	-1.476760e-01	3.644836e-01	-5.121597e-01	4.383217e-01	6.223008e-01	-9.814049e-01	-2.065401e+00	-2.014106e+00	-5.129580e-02
114           	9.683254e-01	1.090479e+00	-1.221535e-01	-1.415682e-01	3.580338e-01	-4.996020e-01	4.288179e-01	6.063162e-01	-9.565076e-01	-2.013514e+00	-1.963264e+00	-5.024913e-02
115           	9.567848e-01	1.070233e+00	-1.134481e-01	-1.340979e-01	3.519324e-01	-4.860304e-01	4.189814e-01	5.918405e-01	-9.340862e-01	-1.966227e+00	-1.917200e+00	-4.902716e-02
116           	9.457269e-01	1.052008e+00	-1.062815e-01	-1.260455e-01	3.461548e-01	-4.722003e-01	4.091775e-01	5.791449e-01	-9.146270e-01	-1.924204e+00	-1.876729e+00	-4.747523e-02
117           	9.341825e-01	1.034757e+00	-1.005748e-01	-1.185123e-01	3.405485e-01	-4.590607e-01	3.998046e-01	5.676660e-01	-8.971817e-01	-1.885517e+00	-1.839940e+00	-4.557673e-02
118           	9.224940e-01	1.018213e+00	-9.571951e-02	-1.128344e-01	3.352081e-01	-4.480425e-01	3.916253e-01	5.569665e-01	-8.809154e-01	-1.848964e+00	-1.805397e+00	-4.356651e-02
119           	9.112125e-01	1.001795e+00	-9.058244e-02	-1.084535e-01	3.300855e-01	-4.385390e-01	3.843122e-01	5.461887e-01	-8.643447e-01	-1.812015e+00	-1.770352e+00	-4.166262e-02
120           	8.999626e-01	9.842678e-01	-8.430518e-02	-1.038593e-01	3.248774e-01	-4.287366e-01	3.768070e-01	5.342865e-01	-8.457936e-01	-1.771284e+00	-1.731435e+00	-3.984836e-02
121           	8.886941e-01	9.656371e-01	-7.694293e-02	-9.839326e-02	3.195422e-01	-4.179355e-01	3.687388e-01	5.212900e-01	-8.254103e-01	-1.726836e+00	-1.688828e+00	-3.800771e-02
122           	8.777946e-01	9.472277e-01	-6.943308e-02	-9.238813e-02	3.143467e-01	-4.067348e-01	3.605407e-01	5.083304e-01	-8.051762e-01	-1.682300e+00	-1.646326e+00	-3.597372e-02
123           	8.674176e-01	9.301697e-01	-6.275209e-02	-8.650418e-02	3.095073e-01	-3.960115e-01	3.527594e-01	4.964609e-01	-7.869092e-01	-1.641002e+00	-1.607410e+00	-3.359186e-02
124           	8.572468e-01	9.144819e-01	-5.723505e-02	-8.123391e-02	3.049981e-01	-3.862320e-01	3.456150e-01	4.858585e-01	-7.708875e-01	-1.603449e+00	-1.572612e+00	-3.083709e-02
125           	8.469326e-01	8.994652e-01	-5.253262e-02	-7.671857e-02	3.006680e-01	-3.773866e-01	3.390273e-01	4.759989e-01	-7.561337e-01	-1.567996e+00	-1.540132e+00	-2.786414e-02
126           	8.364496e-01	8.844265e-01	-4.797683e-02	-7.277892e-02	2.963927e-01	-3.691717e-01	3.327822e-01	4.662016e-01	-7.414058e-01	-1.532597e+00	-1.507704e+00	-2.489260e-02
127           	8.258474e-01	8.688811e-01	-4.303369e-02	-6.905922e-02	2.920915e-01	-3.611507e-01	3.266211e-01	4.559574e-01	-7.258319e-01	-1.495721e+00	-1.473692e+00	-2.202858e-02
128           	8.152133e-01	8.528223e-01	-3.760898e-02	-6.532033e-02	2.877646e-01	-3.530850e-01	3.204248e-01	4.452156e-01	-7.093889e-01	-1.457241e+00	-1.438009e+00	-1.923142e-02
129           	8.046226e-01	8.366153e-01	-3.199275e-02	-6.150625e-02	2.834745e-01	-3.449808e-01	3.142276e-01	4.343040e-01	-6.927061e-01	-1.418199e+00	-1.401806e+00	-1.639359e-02
130           	7.943048e-01	8.209497e-01	-2.664486e-02	-5.776545e-02	2.793358e-01	-3.371013e-01	3.082186e-01	4.237973e-01	-6.767872e-01	-1.380438e+00	-1.367006e+00	-1.343199e-02
131           	7.842792e-01	8.060623e-01	-2.178306e-02	-5.418941e-02	2.753686e-01	-3.295581e-01	3.024634e-01	4.139227e-01	-6.619978e-01	-1.344665e+00	-1.334330e+00	-1.033450e-02
132           	7.743296e-01	7.916270e-01	-1.729743e-02	-5.076699e-02	2.714895e-01	-3.222565e-01	2.968730e-01	4.044622e-01	-6.479130e-01	-1.310166e+00	-1.302996e+00	-7.169838e-03
133           	7.644315e-01	7.773996e-01	-1.296815e-02	-4.756760e-02	2.676494e-01	-3.152170e-01	2.914332e-01	3.951839e-01	-6.340607e-01	-1.276267e+00	-1.272194e+00	-4.072989e-03
134           	7.545674e-01	7.631406e-01	-8.573174e-03	-4.461547e-02	2.638123e-01	-3.084278e-01	2.861201e-01	3.858569e-01	-6.200180e-01	-1.242292e+00	-1.241164e+00	-1.127738e-03
135           	7.446406e-01	7.486317e-01	-3.991107e-03	-4.184104e-02	2.599456e-01	-3.017867e-01	2.808662e-01	3.763114e-01	-6.055198e-01	-1.207704e+00	-1.209372e+00	1.667833e-03
136           	7.348188e-01	7.341377e-01	6.810186e-04	-3.926500e-02	2.561060e-01	-2.953710e-01	2.757385e-01	3.667284e-01	-5.908980e-01	-1.173114e+00	-1.177455e+00	4.341198e-03
137           	7.252701e-01	7.199864e-01	5.283646e-03	-3.687233e-02	2.523542e-01	-2.892266e-01	2.707904e-01	3.573514e-01	-5.765910e-01	-1.139298e+00	-1.146240e+00	6.941858e-03
138           	7.160144e-01	7.062612e-01	9.753291e-03	-3.461135e-02	2.486946e-01	-2.833060e-01	2.660003e-01	3.482539e-01	-5.627267e-01	-1.106462e+00	-1.115958e+00	9.495642e-03
139           	7.069218e-01	6.927824e-01	1.413943e-02	-3.242573e-02	2.450814e-01	-2.775072e-01	2.612943e-01	3.393215e-01	-5.490993e-01	-1.074214e+00	-1.086206e+00	1.199210e-02
140           	6.978645e-01	6.793465e-01	1.851802e-02	-3.031728e-02	2.414771e-01	-2.717943e-01	2.566357e-01	3.304143e-01	-5.354560e-01	-1.042124e+00	-1.056518e+00	1.439419e-02
141           	6.888226e-01	6.659108e-01	2.291173e-02	-2.833424e-02	2.378847e-01	-2.662190e-01	2.520519e-01	3.214996e-01	-5.217252e-01	-1.010134e+00	-1.026792e+00	1.665797e-02
142           	6.798777e-01	6.525919e-01	2.728582e-02	-2.653189e-02	2.343386e-01	-2.608705e-01	2.476045e-01	3.126530e-01	-5.080284e-01	-9.785352e-01	-9.972960e-01	1.876084e-02
143           	6.711071e-01	6.395130e-01	3.159408e-02	-2.492866e-02	2.308692e-01	-2.557979e-01	2.433336e-01	3.039595e-01	-4.945234e-01	-9.476083e-01	-9.683275e-01	2.071924e-02
144           	6.625216e-01	6.266981e-01	3.582349e-02	-2.349967e-02	2.274763e-01	-2.509760e-01	2.392261e-01	2.954373e-01	-4.812602e-01	-9.174036e-01	-9.399620e-01	2.255841e-02
145           	6.540648e-01	6.140764e-01	3.998840e-02	-2.219818e-02	2.241340e-01	-2.463322e-01	2.352331e-01	2.870440e-01	-4.681779e-01	-8.877720e-01	-9.120639e-01	2.429185e-02
146           	6.456655e-01	6.015683e-01	4.409711e-02	-2.098591e-02	2.208170e-01	-2.418029e-01	2.313100e-01	2.787356e-01	-4.552049e-01	-8.585692e-01	-8.844895e-01	2.592030e-02
147           	6.372765e-01	5.891506e-01	4.812589e-02	-1.985702e-02	2.175150e-01	-2.373720e-01	2.274435e-01	2.705124e-01	-4.423409e-01	-8.298018e-01	-8.572417e-01	2.743997e-02
148           	6.289100e-01	5.768709e-01	5.203913e-02	-1.883979e-02	2.142377e-01	-2.330775e-01	2.236576e-01	2.624159e-01	-4.296507e-01	-8.016038e-01	-8.304527e-01	2.884884e-02
149           	6.205983e-01	5.647864e-01	5.581192e-02	-1.796131e-02	2.109998e-01	-2.289611e-01	2.199804e-01	2.544872e-01	-4.172003e-01	-7.741079e-01	-8.042543e-01	3.014633e-02
150           	6.123592e-01	5.529170e-01	5.944222e-02	-1.722043e-02	2.078079e-01	-2.250283e-01	2.164181e-01	2.467374e-01	-4.050081e-01	-7.473497e-01	-7.786829e-01	3.133326e-02
151           	6.041874e-01	5.412435e-01	6.294383e-02	-1.659485e-02	2.046602e-01	-2.212551e-01	2.129577e-01	2.391499e-01	-3.930492e-01	-7.212739e-01	-7.536861e-01	3.241223e-02
152           	5.960529e-01	5.297273e-01	6.632556e-02	-1.606376e-02	2.015501e-01	-2.176138e-01	2.095819e-01	2.317009e-01	-3.812890e-01	-6.957978e-01	-7.291879e-01	3.339008e-02
153           	5.879196e-01	5.183431e-01	6.957647e-02	-1.561437e-02	1.984667e-01	-2.140811e-01	2.062739e-01	2.243833e-01	-3.697198e-01	-6.708892e-01	-7.051644e-01	3.427514e-02
154           	5.797894e-01	5.071082e-01	7.268122e-02	-1.525281e-02	1.954127e-01	-2.106655e-01	2.030391e-01	2.172135e-01	-3.583688e-01	-6.465935e-01	-6.816656e-01	3.507210e-02
155           	5.716991e-01	4.960617e-01	7.563738e-02	-1.499354e-02	1.924004e-01	-2.073939e-01	1.998971e-01	2.102122e-01	-3.472693e-01	-6.229736e-01	-6.587561e-01	3.578251e-02
156           	5.636737e-01	4.852246e-01	7.844909e-02	-1.484061e-02	1.894383e-01	-2.042789e-01	1.968586e-01	2.033877e-01	-3.364339e-01	-6.000541e-01	-6.364609e-01	3.640686e-02
157           	5.557039e-01	4.745865e-01	8.111737e-02	-1.477375e-02	1.865228e-01	-2.012966e-01	1.939097e-01	1.967346e-01	-3.258523e-01	-5.778139e-01	-6.147592e-01	3.694536e-02
158           	5.477716e-01	4.641279e-01	8.364370e-02	-1.477230e-02	1.836476e-01	-1.984199e-01	1.910338e-01	1.902421e-01	-3.155083e-01	-5.562163e-01	-5.936165e-01	3.740020e-02
159           	5.398616e-01	4.538360e-01	8.602565e-02	-1.483019e-02	1.808081e-01	-1.956383e-01	1.882232e-01	1.839052e-01	-3.053956e-01	-5.352438e-01	-5.730175e-01	3.777365e-02
160           	5.319727e-01	4.437110e-01	8.826176e-02	-1.494664e-02	1.780032e-01	-1.929498e-01	1.854765e-01	1.777246e-01	-2.955174e-01	-5.148984e-01	-5.529666e-01	3.806820e-02
161           	5.241150e-01	4.337618e-01	9.035323e-02	-1.512586e-02	1.752355e-01	-1.903614e-01	1.827985e-01	1.717043e-01	-2.858809e-01	-4.951900e-01	-5.334759e-01	3.828592e-02
162           	5.162932e-01	4.239918e-01	9.230143e-02	-1.536551e-02	1.725056e-01	-1.878712e-01	1.801884e-01	1.658452e-01	-2.764872e-01	-4.761164e-01	-5.145455e-01	3.842902e-02
163           	5.085091e-01	4.144002e-01	9.410885e-02	-1.565287e-02	1.698117e-01	-1.854646e-01	1.776381e-01	1.601457e-01	-2.673345e-01	-4.576659e-01	-4.961675e-01	3.850158e-02
164           	5.007610e-01	4.049826e-01	9.577836e-02	-1.597497e-02	1.671512e-01	-1.831262e-01	1.751387e-01	1.546021e-01	-2.584191e-01	-4.398197e-01	-4.783290e-01	3.850928e-02
165           	4.930464e-01	3.957333e-01	9.731310e-02	-1.632846e-02	1.645229e-01	-1.808513e-01	1.726871e-01	1.492101e-01	-2.497366e-01	-4.225575e-01	-4.610154e-01	3.845791e-02
166           	4.853631e-01	3.866486e-01	9.871455e-02	-1.671089e-02	1.619248e-01	-1.786357e-01	1.702802e-01	1.439670e-01	-2.412848e-01	-4.058662e-01	-4.442179e-01	3.835167e-02
167           	4.777178e-01	3.777314e-01	9.998637e-02	-1.711679e-02	1.593574e-01	-1.764741e-01	1.679158e-01	1.388725e-01	-2.330649e-01	-3.897395e-01	-4.279346e-01	3.819511e-02
168           	4.701213e-01	3.689879e-01	1.011334e-01	-1.754118e-02	1.568230e-01	-1.743642e-01	1.655936e-01	1.339273e-01	-2.250792e-01	-3.741729e-01	-4.121656e-01	3.799270e-02
169           	4.625768e-01	3.604183e-01	1.021585e-01	-1.798285e-02	1.543221e-01	-1.723050e-01	1.633136e-01	1.291299e-01	-2.173259e-01	-3.591567e-01	-3.969042e-01	3.774753e-02
170           	4.550785e-01	3.520152e-01	1.030633e-01	-1.844312e-02	1.518511e-01	-1.702942e-01	1.610726e-01	1.244759e-01	-2.097992e-01	-3.446725e-01	-3.821355e-01	3.746297e-02
171           	4.476211e-01	3.437702e-01	1.038510e-01	-1.891993e-02	1.494047e-01	-1.683247e-01	1.588647e-01	1.199596e-01	-2.024921e-01	-3.306988e-01	-3.678415e-01	3.714273e-02
172           	4.402129e-01	3.356823e-01	1.045307e-01	-1.941017e-02	1.469830e-01	-1.663932e-01	1.566881e-01	1.155758e-01	-1.953976e-01	-3.172148e-01	-3.540051e-01	3.679024e-02
173           	4.328692e-01	3.277569e-01	1.051123e-01	-1.990991e-02	1.445890e-01	-1.644989e-01	1.545439e-01	1.113223e-01	-1.885131e-01	-3.042100e-01	-3.406181e-01	3.640810e-02
174           	4.255994e-01	3.199990e-01	1.056004e-01	-2.041785e-02	1.422252e-01	-1.626431e-01	1.524341e-01	1.071993e-01	-1.818385e-01	-2.916816e-01	-3.276793e-01	3.599769e-02
175           	4.184093e-01	3.124109e-01	1.059984e-01	-2.093178e-02	1.398929e-01	-1.608247e-01	1.503588e-01	1.032063e-01	-1.753726e-01	-2.796264e-01	-3.151858e-01	3.555934e-02
176           	4.112960e-01	3.049879e-01	1.063081e-01	-2.144974e-02	1.375894e-01	-1.590391e-01	1.483142e-01	9.933989e-02	-1.691095e-01	-2.680344e-01	-3.031267e-01	3.509235e-02
177           	4.042466e-01	2.977189e-01	1.065276e-01	-2.196903e-02	1.353095e-01	-1.572785e-01	1.462940e-01	9.559563e-02	-1.630419e-01	-2.568891e-01	-2.914864e-01	3.459735e-02
178           	3.972562e-01	2.905973e-01	1.066590e-01	-2.249002e-02	1.330518e-01	-1.555419e-01	1.442968e-01	9.196914e-02	-1.571627e-01	-2.461706e-01	-2.802480e-01	3.407736e-02
179           	3.903301e-01	2.836222e-01	1.067078e-01	-2.301454e-02	1.308181e-01	-1.538327e-01	1.423254e-01	8.845721e-02	-1.514661e-01	-2.358633e-01	-2.693978e-01	3.353450e-02
180           	3.834778e-01	2.767961e-01	1.066817e-01	-2.354392e-02	1.286102e-01	-1.521542e-01	1.403822e-01	8.505720e-02	-1.459464e-01	-2.259577e-01	-2.589253e-01	3.296755e-02
181           	3.767046e-01	2.701188e-01	1.065858e-01	-2.407714e-02	1.264279e-01	-1.505050e-01	1.384664e-01	8.176647e-02	-1.405968e-01	-2.164458e-01	-2.488197e-01	3.237392e-02
182           	3.700016e-01	2.635827e-01	1.064189e-01	-2.460754e-02	1.242682e-01	-1.488757e-01	1.365720e-01	7.858190e-02	-1.354112e-01	-2.073151e-01	-2.390687e-01	3.175363e-02
183           	3.633522e-01	2.571762e-01	1.061760e-01	-2.512947e-02	1.221277e-01	-1.472572e-01	1.346924e-01	7.550012e-02	-1.303844e-01	-1.985516e-01	-2.296602e-01	3.110857e-02
184           	3.567538e-01	2.508942e-01	1.058596e-01	-2.564279e-02	1.200062e-01	-1.456490e-01	1.328276e-01	7.251731e-02	-1.255102e-01	-1.901416e-01	-2.205810e-01	3.043940e-02
185           	3.502205e-01	2.447399e-01	1.054805e-01	-2.615075e-02	1.179079e-01	-1.440587e-01	1.309833e-01	6.962969e-02	-1.207817e-01	-1.820687e-01	-2.118160e-01	2.974728e-02
186           	3.437673e-01	2.387178e-01	1.050495e-01	-2.665616e-02	1.158359e-01	-1.424921e-01	1.291640e-01	6.683412e-02	-1.161924e-01	-1.743201e-01	-2.033524e-01	2.903237e-02
187           	3.373935e-01	2.328255e-01	1.045680e-01	-2.715838e-02	1.137881e-01	-1.409464e-01	1.273673e-01	6.412873e-02	-1.117382e-01	-1.668892e-01	-1.951828e-01	2.829359e-02
188           	3.310934e-01	2.270599e-01	1.040335e-01	-2.765197e-02	1.117616e-01	-1.394136e-01	1.255876e-01	6.151321e-02	-1.074188e-01	-1.597747e-01	-1.873061e-01	2.753140e-02
189           	3.248613e-01	2.214180e-01	1.034433e-01	-2.813014e-02	1.097550e-01	-1.378851e-01	1.238201e-01	5.898739e-02	-1.032341e-01	-1.529772e-01	-1.797227e-01	2.674549e-02
190           	3.187032e-01	2.159015e-01	1.028018e-01	-2.858389e-02	1.077708e-01	-1.363547e-01	1.220627e-01	5.654984e-02	-9.918134e-02	-1.464909e-01	-1.724268e-01	2.593589e-02
191           	3.126262e-01	2.105095e-01	1.021167e-01	-2.900973e-02	1.058104e-01	-1.348201e-01	1.203153e-01	5.419639e-02	-9.525242e-02	-1.403018e-01	-1.654033e-01	2.510150e-02
192           	3.066332e-01	2.052398e-01	1.013933e-01	-2.940907e-02	1.038743e-01	-1.332833e-01	1.185788e-01	5.192325e-02	-9.144077e-02	-1.343944e-01	-1.586380e-01	2.424355e-02
193           	3.007223e-01	2.000880e-01	1.006343e-01	-2.978349e-02	1.019627e-01	-1.317461e-01	1.168544e-01	4.972683e-02	-8.774009e-02	-1.287557e-01	-1.521180e-01	2.336222e-02
194           	2.948840e-01	1.950476e-01	9.983649e-02	-3.012912e-02	1.000745e-01	-1.302036e-01	1.151391e-01	4.760553e-02	-8.414795e-02	-1.233792e-01	-1.458375e-01	2.245837e-02
195           	2.891119e-01	1.901146e-01	9.899740e-02	-3.044070e-02	9.820919e-02	-1.286499e-01	1.134295e-01	4.555858e-02	-8.066317e-02	-1.182574e-01	-1.397919e-01	2.153445e-02
196           	2.834014e-01	1.852861e-01	9.811524e-02	-3.070966e-02	9.636525e-02	-1.270749e-01	1.117201e-01	4.358544e-02	-7.728540e-02	-1.133824e-01	-1.339766e-01	2.059421e-02
197           	2.777578e-01	1.805635e-01	9.719430e-02	-3.092837e-02	9.454377e-02	-1.254721e-01	1.100080e-01	4.168461e-02	-7.401142e-02	-1.087485e-01	-1.283856e-01	1.963719e-02
198           	2.721963e-01	1.759529e-01	9.624334e-02	-3.109279e-02	9.274842e-02	-1.238412e-01	1.082948e-01	3.985480e-02	-7.083722e-02	-1.043536e-01	-1.230140e-01	1.866045e-02
199           	2.667247e-01	1.714577e-01	9.526697e-02	-3.119944e-02	9.098355e-02	-1.221830e-01	1.065833e-01	3.809537e-02	-6.775944e-02	-1.002061e-01	-1.178625e-01	1.765639e-02
200           	2.613518e-01	1.670811e-01	9.427064e-02	-3.124644e-02	8.925287e-02	-1.204993e-01	1.048761e-01	3.640525e-02	-6.477552e-02	-9.629718e-02	-1.129241e-01	1.662693e-02
201           	2.560852e-01	1.628236e-01	9.326153e-02	-3.123692e-02	8.756026e-02	-1.187972e-01	1.031787e-01	3.478106e-02	-6.188146e-02	-9.259937e-02	-1.081811e-01	1.558177e-02
202           	2.509401e-01	1.586882e-01	9.225183e-02	-3.117338e-02	8.591115e-02	-1.170845e-01	1.014978e-01	3.321820e-02	-5.907174e-02	-8.908217e-02	-1.036128e-01	1.453066e-02
203           	2.459419e-01	1.546871e-01	9.125479e-02	-3.105401e-02	8.431385e-02	-1.153679e-01	9.984085e-02	3.171617e-02	-5.634705e-02	-8.574194e-02	-9.921802e-02	1.347608e-02
204           	2.411167e-01	1.508327e-01	9.028398e-02	-3.087291e-02	8.277624e-02	-1.136491e-01	9.821269e-02	3.027436e-02	-5.370812e-02	-8.257879e-02	-9.499752e-02	1.241872e-02
205           	2.364823e-01	1.471325e-01	8.934976e-02	-3.062075e-02	8.130424e-02	-1.119250e-01	9.661461e-02	2.889138e-02	-5.115503e-02	-7.958442e-02	-9.094724e-02	1.136282e-02
206           	2.320587e-01	1.435958e-01	8.846294e-02	-3.028913e-02	7.990353e-02	-1.101927e-01	9.504809e-02	2.756642e-02	-4.869084e-02	-7.674517e-02	-8.706343e-02	1.031825e-02
207           	2.278624e-01	1.402304e-01	8.763201e-02	-2.987661e-02	7.857851e-02	-1.084551e-01	9.351682e-02	2.629920e-02	-4.631730e-02	-7.405723e-02	-8.334591e-02	9.288683e-03
208           	2.238997e-01	1.370408e-01	8.685886e-02	-2.938618e-02	7.733288e-02	-1.067191e-01	9.202597e-02	2.509097e-02	-4.403466e-02	-7.155076e-02	-7.981004e-02	8.259277e-03
209           	2.201663e-01	1.340225e-01	8.614375e-02	-2.883495e-02	7.617026e-02	-1.050052e-01	9.058774e-02	2.393940e-02	-4.184081e-02	-6.921600e-02	-7.644880e-02	7.232808e-03
210           	2.166519e-01	1.311635e-01	8.548840e-02	-2.824330e-02	7.508976e-02	-1.033331e-01	8.921141e-02	2.283755e-02	-3.972921e-02	-6.701303e-02	-7.323573e-02	6.222697e-03
211           	2.133545e-01	1.284532e-01	8.490128e-02	-2.762369e-02	7.408614e-02	-1.017098e-01	8.789798e-02	2.177597e-02	-3.769232e-02	-6.486478e-02	-7.012471e-02	5.259925e-03
212           	2.102920e-01	1.258932e-01	8.439882e-02	-2.695721e-02	7.315915e-02	-1.001164e-01	8.663776e-02	2.074720e-02	-3.572787e-02	-6.269792e-02	-6.707683e-02	4.378909e-03
213           	2.074750e-01	1.234873e-01	8.398769e-02	-2.626915e-02	7.228792e-02	-9.855708e-02	8.542250e-02	1.974979e-02	-3.384272e-02	-6.048152e-02	-6.408348e-02	3.601965e-03
214           	2.049158e-01	1.212410e-01	8.367486e-02	-2.556754e-02	7.146703e-02	-9.703457e-02	8.425080e-02	1.878305e-02	-3.204327e-02	-5.820572e-02	-6.114613e-02	2.940407e-03
215           	2.026213e-01	1.191596e-01	8.346173e-02	-2.482978e-02	7.071190e-02	-9.554168e-02	8.312679e-02	1.784894e-02	-3.033460e-02	-5.590176e-02	-5.828548e-02	2.383725e-03
216           	2.005743e-01	1.172346e-01	8.333969e-02	-2.402924e-02	7.004403e-02	-9.407327e-02	8.205865e-02	1.694744e-02	-2.871569e-02	-5.360564e-02	-5.551851e-02	1.912866e-03
217           	1.987199e-01	1.154375e-01	8.328237e-02	-2.314641e-02	6.947178e-02	-9.261818e-02	8.104498e-02	1.607757e-02	-2.718316e-02	-5.132943e-02	-5.284787e-02	1.518442e-03
218           	1.970107e-01	1.137382e-01	8.327255e-02	-2.217039e-02	6.899082e-02	-9.116120e-02	8.007601e-02	1.523280e-02	-2.572847e-02	-4.902744e-02	-5.024219e-02	1.214755e-03
219           	1.954262e-01	1.121147e-01	8.331151e-02	-2.110309e-02	6.859199e-02	-8.969509e-02	7.914354e-02	1.440160e-02	-2.433733e-02	-4.662342e-02	-4.764904e-02	1.025619e-03
220           	1.939716e-01	1.105634e-01	8.340819e-02	-1.993327e-02	6.826730e-02	-8.820057e-02	7.823394e-02	1.357760e-02	-2.300401e-02	-4.406701e-02	-4.503751e-02	9.705031e-04
221           	1.926843e-01	1.091065e-01	8.357784e-02	-1.863337e-02	6.801492e-02	-8.664830e-02	7.733161e-02	1.276431e-02	-2.173705e-02	-4.136977e-02	-4.242193e-02	1.052162e-03
222           	1.915968e-01	1.077733e-01	8.382343e-02	-1.723191e-02	6.784378e-02	-8.507569e-02	7.645974e-02	1.197495e-02	-2.055557e-02	-3.861008e-02	-3.986061e-02	1.250525e-03
223           	1.907026e-01	1.065732e-01	8.412949e-02	-1.580582e-02	6.776123e-02	-8.356704e-02	7.566414e-02	1.122183e-02	-1.947185e-02	-3.589694e-02	-3.742032e-02	1.523381e-03
224           	1.899533e-01	1.054920e-01	8.446133e-02	-1.441121e-02	6.775275e-02	-8.216397e-02	7.495836e-02	1.051534e-02	-1.849167e-02	-3.333371e-02	-3.515852e-02	1.824815e-03
225           	1.892627e-01	1.044887e-01	8.477397e-02	-1.307281e-02	6.778126e-02	-8.085407e-02	7.431767e-02	9.857370e-03	-1.760662e-02	-3.098379e-02	-3.309851e-02	2.114724e-03
226           	1.885597e-01	1.035184e-01	8.504135e-02	-1.169417e-02	6.781177e-02	-7.950594e-02	7.365886e-02	9.238508e-03	-1.679431e-02	-2.885167e-02	-3.122014e-02	2.368473e-03
227           	1.878102e-01	1.025570e-01	8.525326e-02	-1.011165e-02	6.783132e-02	-7.794296e-02	7.288714e-02	8.651858e-03	-1.603712e-02	-2.694137e-02	-2.950780e-02	2.566430e-03
228           	1.870133e-01	1.015987e-01	8.541463e-02	-8.348857e-03	6.784288e-02	-7.619174e-02	7.201731e-02	8.092049e-03	-1.532034e-02	-2.525793e-02	-2.794931e-02	2.691375e-03
229           	1.862019e-01	1.006583e-01	8.554354e-02	-6.633059e-03	6.786636e-02	-7.449942e-02	7.118289e-02	7.557397e-03	-1.462980e-02	-2.380783e-02	-2.653372e-02	2.725890e-03
230           	1.854325e-01	9.976822e-02	8.566426e-02	-5.173931e-03	6.790350e-02	-7.307743e-02	7.049046e-02	7.051982e-03	-1.395874e-02	-2.260350e-02	-2.526049e-02	2.656991e-03
231           	1.847530e-01	9.896048e-02	8.579254e-02	-4.030734e-03	6.794044e-02	-7.197117e-02	6.995580e-02	6.583968e-03	-1.331121e-02	-2.167659e-02	-2.414951e-02	2.472916e-03
232           	1.841987e-01	9.826278e-02	8.593594e-02	-3.151981e-03	6.795582e-02	-7.110780e-02	6.953181e-02	6.163419e-03	-1.269726e-02	-2.106606e-02	-2.323029e-02	2.164227e-03
233           	1.837761e-01	9.768335e-02	8.609276e-02	-2.426058e-03	6.793909e-02	-7.036515e-02	6.915212e-02	5.795298e-03	-1.212256e-02	-2.080136e-02	-2.252324e-02	1.721878e-03
234           	1.834616e-01	9.720826e-02	8.625334e-02	-1.771225e-03	6.789019e-02	-6.966141e-02	6.877580e-02	5.477459e-03	-1.158569e-02	-2.086542e-02	-2.201840e-02	1.152977e-03
235           	1.832093e-01	9.680184e-02	8.640750e-02	-1.167507e-03	6.781687e-02	-6.898438e-02	6.840062e-02	5.197170e-03	-1.107315e-02	-2.117427e-02	-2.166029e-02	4.860164e-04
236           	1.829743e-01	9.641763e-02	8.655665e-02	-6.585725e-04	6.772372e-02	-6.838230e-02	6.805301e-02	4.930491e-03	-1.055763e-02	-2.157748e-02	-2.134637e-02	-2.311103e-04
237           	1.827393e-01	9.602726e-02	8.671199e-02	-3.098612e-04	6.761246e-02	-6.792233e-02	6.776740e-02	4.657637e-03	-1.002147e-02	-2.192359e-02	-2.098326e-02	-9.403288e-04
238           	1.825077e-01	9.562371e-02	8.688403e-02	-1.506626e-04	6.748689e-02	-6.763755e-02	6.756222e-02	4.369842e-03	-9.468715e-03	-2.210614e-02	-2.052179e-02	-1.584356e-03
239           	1.822869e-01	9.521569e-02	8.707119e-02	-1.667486e-04	6.733726e-02	-6.750401e-02	6.742064e-02	4.072252e-03	-8.924479e-03	-2.208838e-02	-1.996867e-02	-2.119709e-03
240           	1.820782e-01	9.481667e-02	8.726155e-02	-3.139198e-04	6.714832e-02	-6.746224e-02	6.730528e-02	3.777558e-03	-8.425342e-03	-2.186317e-02	-1.935693e-02	-2.506244e-03
241           	1.818874e-01	9.444712e-02	8.744031e-02	-5.637620e-04	6.692298e-02	-6.748674e-02	6.720486e-02	3.503405e-03	-8.011489e-03	-2.143684e-02	-1.872991e-02	-2.706934e-03
242           	1.817284e-01	9.412528e-02	8.760314e-02	-9.077190e-04	6.667650e-02	-6.758422e-02	6.713036e-02	3.261072e-03	-7.708301e-03	-2.081001e-02	-1.811331e-02	-2.696706e-03
243           	1.816025e-01	9.385510e-02	8.774743e-02	-1.300580e-03	6.644170e-02	-6.774228e-02	6.709199e-02	3.053834e-03	-7.522491e-03	-1.998205e-02	-1.751351e-02	-2.468533e-03
244           	1.814812e-01	9.362349e-02	8.785774e-02	-1.610467e-03	6.624736e-02	-6.785782e-02	6.705259e-02	2.882878e-03	-7.451183e-03	-1.896611e-02	-1.693424e-02	-2.031871e-03
245           	1.813244e-01	9.341270e-02	8.791169e-02	-1.666009e-03	6.611572e-02	-6.778172e-02	6.694872e-02	2.750506e-03	-7.487637e-03	-1.778647e-02	-1.638087e-02	-1.405596e-03
246           	1.811031e-01	9.321081e-02	8.789230e-02	-1.380659e-03	6.604191e-02	-6.742257e-02	6.673224e-02	2.659259e-03	-7.622286e-03	-1.645761e-02	-1.585109e-02	-6.065169e-04
247           	1.808044e-01	9.301279e-02	8.779162e-02	-8.358792e-04	6.599750e-02	-6.683338e-02	6.641544e-02	2.610583e-03	-7.841168e-03	-1.500583e-02	-1.534408e-02	3.382555e-04
248           	1.804167e-01	9.280833e-02	8.760835e-02	-2.261766e-04	6.594421e-02	-6.617039e-02	6.605730e-02	2.599989e-03	-8.128521e-03	-1.347347e-02	-1.486526e-02	1.391787e-03
249           	1.799251e-01	9.257664e-02	8.734843e-02	3.753336e-04	6.585146e-02	-6.547612e-02	6.566379e-02	2.614105e-03	-8.461896e-03	-1.191278e-02	-1.441829e-02	2.505505e-03
250           	1.793202e-01	9.229966e-02	8.702053e-02	9.869008e-04	6.570429e-02	-6.471739e-02	6.521084e-02	2.639566e-03	-8.813415e-03	-1.038770e-02	-1.400726e-02	3.619566e-03
251           	1.785813e-01	9.195576e-02	8.662555e-02	1.637110e-03	6.550601e-02	-6.386890e-02	6.468745e-02	2.665107e-03	-9.148918e-03	-8.946552e-03	-1.362219e-02	4.675642e-03
252           	1.777195e-01	9.154262e-02	8.617688e-02	2.289547e-03	6.527977e-02	-6.299023e-02	6.413500e-02	2.682871e-03	-9.434380e-03	-7.610813e-03	-1.323979e-02	5.628974e-03
253           	1.767734e-01	9.108533e-02	8.568810e-02	2.891599e-03	6.504298e-02	-6.215138e-02	6.359718e-02	2.698612e-03	-9.653905e-03	-6.435187e-03	-1.287150e-02	6.436311e-03
254           	1.758143e-01	9.061830e-02	8.519600e-02	3.327344e-03	6.479082e-02	-6.146347e-02	6.312715e-02	2.711150e-03	-9.785412e-03	-5.452143e-03	-1.251148e-02	7.059340e-03
255           	1.749179e-01	9.015488e-02	8.476299e-02	3.570330e-03	6.450674e-02	-6.093641e-02	6.272157e-02	2.695946e-03	-9.777926e-03	-4.647396e-03	-1.210162e-02	7.454228e-03
256           	1.741471e-01	8.969397e-02	8.445310e-02	3.679034e-03	6.419062e-02	-6.051159e-02	6.235111e-02	2.620435e-03	-9.576027e-03	-3.992586e-03	-1.157232e-02	7.579734e-03
257           	1.735132e-01	8.921929e-02	8.429388e-02	3.698656e-03	6.386403e-02	-6.016537e-02	6.201470e-02	2.462705e-03	-9.144644e-03	-3.434346e-03	-1.086182e-02	7.427471e-03
258           	1.730023e-01	8.873083e-02	8.427149e-02	3.657332e-03	6.353722e-02	-5.987989e-02	6.170855e-02	2.229673e-03	-8.500213e-03	-2.974596e-03	-9.987511e-03	7.012915e-03
259           	1.726013e-01	8.824470e-02	8.435659e-02	3.526313e-03	6.319881e-02	-5.967249e-02	6.143565e-02	1.944057e-03	-7.687893e-03	-2.640790e-03	-9.008288e-03	6.367498e-03
260           	1.723008e-01	8.777237e-02	8.452846e-02	3.279923e-03	6.284016e-02	-5.956023e-02	6.120019e-02	1.621952e-03	-6.748551e-03	-2.467284e-03	-7.982193e-03	5.514909e-03
261           	1.720853e-01	8.731144e-02	8.477391e-02	2.986141e-03	6.245228e-02	-5.946613e-02	6.095920e-02	1.268764e-03	-5.705684e-03	-2.473292e-03	-6.942331e-03	4.469038e-03
262           	1.719176e-01	8.685486e-02	8.506278e-02	2.791205e-03	6.203284e-02	-5.924163e-02	6.063724e-02	8.960421e-04	-4.592329e-03	-2.673360e-03	-5.929009e-03	3.255649e-03
263           	1.717483e-01	8.640483e-02	8.534346e-02	2.971388e-03	6.158572e-02	-5.861433e-02	6.010003e-02	5.306841e-04	-3.467812e-03	-3.113041e-03	-5.024333e-03	1.911292e-03
264           	1.715370e-01	8.596442e-02	8.557256e-02	3.689561e-03	6.110237e-02	-5.741281e-02	5.925759e-02	1.959305e-04	-2.386342e-03	-3.815984e-03	-4.294334e-03	4.783496e-04
265           	1.712633e-01	8.554578e-02	8.571756e-02	4.993180e-03	6.057499e-02	-5.558181e-02	5.807840e-02	-8.588823e-05	-1.381211e-03	-4.798383e-03	-3.780403e-03	-1.017981e-03
266           	1.709209e-01	8.515192e-02	8.576899e-02	6.789405e-03	6.001307e-02	-5.322367e-02	5.661837e-02	-3.085358e-04	-4.560434e-04	-6.016229e-03	-3.464158e-03	-2.552071e-03
267           	1.705347e-01	8.476712e-02	8.576759e-02	9.018922e-03	5.944171e-02	-5.042278e-02	5.493225e-02	-5.002340e-04	4.239675e-04	-7.317054e-03	-3.234559e-03	-4.082494e-03
268           	1.701404e-01	8.438939e-02	8.575097e-02	1.144778e-02	5.886981e-02	-4.742203e-02	5.314592e-02	-6.807906e-04	1.283914e-03	-8.556685e-03	-2.994429e-03	-5.562257e-03
269           	1.697408e-01	8.402536e-02	8.571543e-02	1.377749e-02	5.834853e-02	-4.457104e-02	5.145978e-02	-8.450352e-04	2.088278e-03	-9.701983e-03	-2.762713e-03	-6.939270e-03
270           	1.692660e-01	8.368482e-02	8.558115e-02	1.558039e-02	5.796392e-02	-4.238353e-02	5.017372e-02	-9.481655e-04	2.736941e-03	-1.082753e-02	-2.676826e-03	-8.150708e-03
271           	1.686746e-01	8.342482e-02	8.524977e-02	1.650573e-02	5.777677e-02	-4.127103e-02	4.952390e-02	-9.124744e-04	3.078921e-03	-1.204873e-02	-2.945447e-03	-9.103288e-03
272           	1.680531e-01	8.334038e-02	8.471272e-02	1.639369e-02	5.780869e-02	-4.141500e-02	4.961185e-02	-6.861722e-04	3.012567e-03	-1.338658e-02	-3.680722e-03	-9.705855e-03
273           	1.675745e-01	8.350914e-02	8.406532e-02	1.528194e-02	5.805909e-02	-4.277715e-02	5.041812e-02	-2.780944e-04	2.535683e-03	-1.473168e-02	-4.830157e-03	-9.901522e-03
274           	1.673896e-01	8.395098e-02	8.343866e-02	1.330936e-02	5.851800e-02	-4.520865e-02	5.186333e-02	2.561599e-04	1.737512e-03	-1.592028e-02	-6.222626e-03	-9.697650e-03
275           	1.675290e-01	8.461943e-02	8.290957e-02	1.063435e-02	5.916022e-02	-4.852587e-02	5.384305e-02	8.549322e-04	7.275913e-04	-1.684820e-02	-7.696510e-03	-9.151693e-03
276           	1.679684e-01	8.543069e-02	8.253769e-02	7.386321e-03	5.995403e-02	-5.256771e-02	5.626087e-02	1.446499e-03	-3.796631e-04	-1.740114e-02	-9.080234e-03	-8.320908e-03
277           	1.686828e-01	8.633285e-02	8.234993e-02	3.693591e-03	6.082831e-02	-5.713472e-02	5.898152e-02	1.991457e-03	-1.512758e-03	-1.752528e-02	-1.027540e-02	-7.249884e-03
278           	1.696407e-01	8.732211e-02	8.231862e-02	-1.174255e-04	6.167491e-02	-6.179234e-02	6.173362e-02	2.501745e-03	-2.664073e-03	-1.727995e-02	-1.130405e-02	-5.975901e-03
279           	1.707342e-01	8.833189e-02	8.240227e-02	-3.436490e-03	6.234524e-02	-6.578173e-02	6.406348e-02	2.964813e-03	-3.781417e-03	-1.667847e-02	-1.212065e-02	-4.557820e-03
280           	1.717681e-01	8.921658e-02	8.255147e-02	-5.707779e-03	6.272293e-02	-6.843071e-02	6.557682e-02	3.332557e-03	-4.797415e-03	-1.565054e-02	-1.262269e-02	-3.027857e-03
281           	1.725357e-01	8.979069e-02	8.274499e-02	-6.514080e-03	6.278441e-02	-6.929849e-02	6.604145e-02	3.522850e-03	-5.601435e-03	-1.412726e-02	-1.266506e-02	-1.462193e-03
282           	1.729408e-01	8.998786e-02	8.295293e-02	-5.973180e-03	6.262804e-02	-6.860122e-02	6.561463e-02	3.517468e-03	-6.162883e-03	-1.222338e-02	-1.227457e-02	5.119356e-05
283           	1.730178e-01	8.990467e-02	8.311316e-02	-4.609143e-03	6.240686e-02	-6.701600e-02	6.471143e-02	3.395759e-03	-6.584593e-03	-1.020789e-02	-1.168854e-02	1.480648e-03
284           	1.728432e-01	8.969486e-02	8.314835e-02	-2.933916e-03	6.222505e-02	-6.515896e-02	6.369200e-02	3.273254e-03	-7.011609e-03	-8.344584e-03	-1.118390e-02	2.839317e-03
285           	1.725028e-01	8.947089e-02	8.303187e-02	-1.347431e-03	6.212379e-02	-6.347122e-02	6.279751e-02	3.219510e-03	-7.505812e-03	-6.779442e-03	-1.089553e-02	4.116091e-03
286           	1.720839e-01	8.926235e-02	8.282155e-02	-1.249968e-04	6.210741e-02	-6.223241e-02	6.216991e-02	3.220399e-03	-7.994287e-03	-5.490359e-03	-1.073947e-02	5.249107e-03
287           	1.716789e-01	8.904759e-02	8.263130e-02	6.489749e-04	6.216383e-02	-6.151485e-02	6.183934e-02	3.208143e-03	-8.335262e-03	-4.352487e-03	-1.051151e-02	6.159019e-03
288           	1.713452e-01	8.881587e-02	8.252934e-02	1.171695e-03	6.226967e-02	-6.109798e-02	6.168382e-02	3.143261e-03	-8.424313e-03	-3.343481e-03	-1.009605e-02	6.752572e-03
289           	1.710827e-01	8.852346e-02	8.255927e-02	1.689457e-03	6.239849e-02	-6.070903e-02	6.155376e-02	2.982095e-03	-8.185513e-03	-2.402363e-03	-9.386695e-03	6.984332e-03
290           	1.709100e-01	8.815661e-02	8.275342e-02	2.420443e-03	6.251714e-02	-6.009670e-02	6.130692e-02	2.701595e-03	-7.612227e-03	-1.485885e-03	-8.355170e-03	6.869285e-03
291           	1.708896e-01	8.776294e-02	8.312664e-02	3.366048e-03	6.260907e-02	-5.924302e-02	6.092604e-02	2.318151e-03	-6.784327e-03	-6.288117e-04	-7.098733e-03	6.469921e-03
292           	1.710389e-01	8.740596e-02	8.363299e-02	4.334274e-03	6.267591e-02	-5.834164e-02	6.050877e-02	1.886484e-03	-5.846779e-03	5.996535e-05	-5.816796e-03	5.876762e-03
293           	1.713096e-01	8.712909e-02	8.418048e-02	5.112770e-03	6.271808e-02	-5.760531e-02	6.016169e-02	1.474307e-03	-4.954528e-03	3.980143e-04	-4.755521e-03	5.153535e-03
294           	1.716195e-01	8.692392e-02	8.469558e-02	5.551117e-03	6.274019e-02	-5.718908e-02	5.996463e-02	1.114171e-03	-4.183457e-03	2.780197e-04	-4.044447e-03	4.322467e-03
295           	1.718766e-01	8.675199e-02	8.512463e-02	5.697374e-03	6.271568e-02	-5.701831e-02	5.986700e-02	8.136799e-04	-3.531911e-03	-3.184578e-04	-3.691140e-03	3.372682e-03
296           	1.719987e-01	8.657216e-02	8.542653e-02	5.687089e-03	6.260185e-02	-5.691476e-02	5.975831e-02	5.728123e-04	-2.955003e-03	-1.328339e-03	-3.619173e-03	2.290834e-03
297           	1.719390e-01	8.636609e-02	8.557287e-02	5.717556e-03	6.237968e-02	-5.666212e-02	5.952090e-02	3.966115e-04	-2.401123e-03	-2.659652e-03	-3.730949e-03	1.071297e-03
298           	1.717240e-01	8.614239e-02	8.558160e-02	5.952003e-03	6.206716e-02	-5.611516e-02	5.909116e-02	2.803971e-04	-1.819169e-03	-4.212790e-03	-3.925564e-03	-2.872260e-04
299           	1.714560e-01	8.592246e-02	8.553354e-02	6.493146e-03	6.171160e-02	-5.521845e-02	5.846503e-02	1.944573e-04	-1.162115e-03	-5.874504e-03	-4.099367e-03	-1.775137e-03
300           	1.712161e-01	8.570544e-02	8.551071e-02	7.372156e-03	6.136564e-02	-5.399348e-02	5.767956e-02	9.736421e-05	-3.997903e-04	-7.517332e-03	-4.158456e-03	-3.358875e-03
